0.46197
0.00460174
0.400318
0.379519
0.385596
0.508127
0.552601
0.407644
0.489618
0.461536
0.548924
0.535083
0.371934
0.499182
0.634622
0.493161
0.42999
0.323814
0.454076
0.460328
0.340675
0.383437
0.405616
0.504658
0.421925
0.462043
0.490529
0.505064
0.576898
0.512391
0.387379
0.414722
0.566406
0.476405
0.457118
0.395998
0.454986
0.509158
0.419115
0.378748
0.538502
0.514007
0.525047
0.388616
0.531378
0.41609
0.332403
0.550832
0.437252
0.49917
0.615031
0.464455
0.497519
0.40903
0.406904
0.430406
0.458604
0.422852
0.543741
0.428281
0.493436
0.445701
0.330931
0.490493
0.407997
0.450063
0.493927
0.55688
0.371007
0.497394
0.411344
0.496715
0.48391
0.441052
0.477602
0.373833
0.409134
0.475177
0.4885
0.522382
0.497934
0.353953
0.501424
0.488618
0.446819
0.525422
0.438451
0.405976
0.318026
0.478696
0.366524
0.474866
0.557377
0.457488
0.526717
0.421774
0.572104
0.621328
0.377165
0.528144
0.501743
0.409526
