0.816354
0.00563047
0.724012
0.79366
0.853467
0.779349
0.800111
0.691002
0.754097
0.766092
0.916835
0.656033
0.862238
0.894417
0.938793
0.863774
0.845988
0.930431
0.924644
0.741342
0.911352
0.767858
0.864028
0.759554
0.888392
0.826326
0.844208
0.817377
0.929339
0.711917
0.927779
0.807754
0.894368
0.841255
0.784431
0.85995
0.804849
0.834172
0.89633
0.828691
0.81704
0.853167
0.906418
0.972929
0.682774
0.876852
0.837905
0.827385
0.778979
0.840521
0.800064
0.864609
0.815755
0.881606
0.764255
0.813453
0.703845
0.679689
0.902085
0.754783
0.809141
0.852889
0.731325
0.784651
0.854875
0.791401
0.775979
0.841234
0.795837
0.828349
0.927847
0.772443
0.844825
0.769431
0.657512
0.749448
0.845472
0.780523
0.893757
0.690252
0.783667
0.903342
0.735899
0.75483
0.734533
0.881054
0.746462
0.694092
0.837325
0.881012
0.851283
0.81667
0.727439
0.715149
0.689484
0.904188
1
0.758955
0.871349
0.723608
0.946128
0.77138
