0.643416
0.00700889
0.743604
0.694705
0.585667
0.709833
0.633252
0.680606
0.592668
0.648774
0.527601
0.603377
0.603587
0.531773
0.572639
0.724785
0.744563
0.587311
0.609146
0.475517
0.561639
0.684958
0.670891
0.565309
0.613924
0.666715
0.571458
0.62808
0.673245
0.60974
0.805198
0.570439
0.617186
0.67004
0.757988
0.564516
0.665654
0.642392
0.604236
0.649644
0.599462
0.752337
0.762339
0.526288
0.648154
0.602976
0.651274
0.683674
0.717007
0.592031
0.757965
0.751234
0.68671
0.53162
0.601998
0.600069
0.586215
0.471965
0.713128
0.612656
0.708701
0.506967
0.51862
0.661875
0.68317
0.614321
0.673078
0.616802
0.671418
0.603207
0.616441
0.741349
0.777693
0.674672
0.528851
0.616493
0.68017
0.472101
0.693774
0.733938
0.692524
0.737641
0.694842
0.684995
0.586403
0.425929
0.791762
0.713517
0.686556
0.839306
0.380708
0.667649
0.70683
0.735144
0.687663
0.705753
0.622781
0.709637
0.686293
0.715533
0.652729
0.512026
