0.557469
0.00587542
0.507943
0.572403
0.538181
0.618587
0.595776
0.552896
0.667957
0.532979
0.582569
0.528493
0.53145
0.542764
0.689064
0.664043
0.599049
0.571556
0.558399
0.696424
0.573422
0.495406
0.535616
0.63462
0.592003
0.446712
0.729269
0.642476
0.403351
0.527628
0.539512
0.558359
0.561668
0.451991
0.622129
0.516016
0.492229
0.743092
0.566408
0.456818
0.597839
0.468806
0.593958
0.589559
0.637349
0.676153
0.549167
0.515127
0.409299
0.662988
0.664846
0.589363
0.569247
0.46703
0.610498
0.586377
0.501566
0.594559
0.551321
0.582908
0.628868
0.619625
0.523297
0.679365
0.440403
0.37996
0.576201
0.530215
0.649639
0.593064
0.58234
0.551965
0.500911
0.528934
0.566606
0.396849
0.397099
0.50483
0.580165
0.629497
0.60575
0.486519
0.545142
0.448181
0.538618
0.481533
0.467556
0.569514
0.535625
0.490325
0.66979
0.431915
0.530154
0.596488
0.480429
0.460849
0.535892
0.589203
0.61155
0.716064
0.555309
0.483396
