0.499345
0.008478
0.454108
0.433604
0.489514
0.440462
0.481186
0.575387
0.42724
0.608946
0.478448
0.492556
0.513625
0.39508
0.315186
0.351995
0.605182
0.446309
0.364469
0.593424
0.378061
0.50022
0.466884
0.542616
0.583821
0.613193
0.475694
0.586115
0.475257
0.778547
0.574373
0.581307
0.65638
0.498193
0.53988
0.557526
0.475372
0.501094
0.729321
0.54591
0.477543
0.533219
0.492543
0.548566
0.386941
0.475826
0.58938
0.57959
0.52425
0.326957
0.42363
0.596582
0.505063
0.607141
0.461675
0.438465
0.476194
0.418687
0.560255
0.570769
0.455276
0.363984
0.490689
0.561859
0.493368
0.526651
0.601719
0.545915
0.359913
0.398526
0.561134
0.540215
0.475924
0.430439
0.466359
0.365462
0.430868
0.648927
0.376752
0.414083
0.580229
0.537835
0.65333
0.424724
0.396939
0.550601
0.564033
0.324615
0.675939
0.469276
0.523309
0.361524
0.643514
0.490384
0.418248
0.455507
0.269745
0.496243
0.562748
0.446774
0.519846
0.541349
