0.847396
0.00433502
0.798759
0.985833
0.922719
0.851675
0.872576
0.865045
0.961172
0.821788
0.749898
0.827865
0.917167
0.820333
0.85999
0.874307
0.984484
0.896861
0.754491
0.9257
0.82533
0.738665
0.737929
0.78684
0.894722
0.777189
0.822346
0.872498
0.894222
0.797884
0.872186
0.895575
0.897594
0.863467
0.789526
0.714819
0.949721
0.898981
0.814219
0.729311
0.955682
0.877476
0.788779
0.79999
0.822108
0.944653
0.836085
0.896743
0.835394
0.866078
0.842278
0.79391
0.915372
0.857446
0.868955
0.809781
0.857085
0.812186
0.802957
0.88601
0.89616
0.812648
0.934754
0.914568
0.976342
0.869339
0.769128
0.778535
0.844042
0.839413
0.859865
0.848927
0.716917
0.905033
0.841365
0.775021
0.751411
0.902644
0.897582
0.756918
0.83787
0.788535
0.712443
0.687694
0.903405
0.982606
0.900262
0.916118
0.867898
0.775901
0.868075
0.84593
0.823663
0.747123
0.907319
0.860864
0.818205
0.907998
0.850198
0.888512
0.807233
0.818545
