0.743323
0.00527559
0.842653
0.725903
0.741543
0.702832
0.62516
0.715335
0.905825
0.6933
0.577721
0.695531
0.817599
0.725476
0.741618
0.724964
0.783415
0.680566
0.663783
0.760945
0.815387
0.790568
0.640837
0.784146
0.743667
0.742932
0.801274
0.716252
0.75479
0.718451
0.739634
0.698479
0.641712
0.811696
0.62109
0.720069
0.676231
0.820903
0.820507
0.671182
0.810783
0.579635
0.809616
0.821207
0.700531
0.795628
0.72876
0.812859
0.818087
0.789106
0.792835
0.714427
0.768066
0.692464
0.752396
0.672618
0.763627
0.809198
0.73575
0.882476
0.755312
0.749139
0.806812
0.712403
0.646969
0.710043
0.553181
0.784807
0.775297
0.715377
0.693927
0.746556
0.761604
0.735
0.774253
0.858543
0.831937
0.708918
0.651375
0.880089
0.732458
0.742384
0.657431
0.749925
0.855064
0.771887
0.703502
0.847519
0.874545
0.717182
0.822451
0.824154
0.662031
0.789219
0.566023
0.835747
0.736915
0.67345
0.732221
0.737243
0.588123
0.75728
