0.668218
0.00577737
0.708111
0.558816
0.67708
0.697892
0.783568
0.832116
0.608116
0.742436
0.695457
0.702486
0.74426
0.615162
0.611457
0.760545
0.654217
0.697722
0.590332
0.808165
0.735722
0.841523
0.793774
0.683073
0.772113
0.62905
0.63537
0.545151
0.703201
0.664795
0.647953
0.63991
0.694705
0.708868
0.519307
0.652559
0.613137
0.722976
0.713245
0.650163
0.639528
0.624135
0.654972
0.727821
0.692717
0.66308
0.613385
0.651747
0.755988
0.688273
0.711254
0.655771
0.680528
0.575062
0.636045
0.672611
0.703222
0.662066
0.713766
0.429193
0.794274
0.653271
0.630168
0.726352
0.62228
0.685234
0.824915
0.614292
0.554481
0.692984
0.594747
0.696856
0.82318
0.617845
0.523016
0.767887
0.73447
0.66517
0.647252
0.550372
0.617644
0.574229
0.681889
0.642462
0.686708
0.581526
0.700941
0.571333
0.615691
0.526269
0.778688
0.69403
0.59845
0.696281
0.658127
0.755766
0.521338
0.673194
0.70017
0.62937
0.708321
0.584609
