0.548586
0.0059909
0.568554
0.691083
0.569679
0.509809
0.58396
0.666031
0.565944
0.618436
0.62013
0.522411
0.515854
0.645248
0.451637
0.528566
0.494412
0.59309
0.547972
0.586168
0.600279
0.366279
0.580674
0.537943
0.50153
0.616493
0.473217
0.600828
0.642481
0.506498
0.511866
0.697599
0.491892
0.406675
0.378378
0.498665
0.589115
0.650408
0.537549
0.488052
0.636116
0.507939
0.43276
0.40434
0.467398
0.687312
0.552356
0.594946
0.476509
0.502205
0.521375
0.531158
0.55074
0.555757
0.807243
0.609912
0.525901
0.549925
0.612285
0.646285
0.541903
0.431005
0.501161
0.543878
0.544658
0.50362
0.527168
0.463328
0.570222
0.510137
0.608639
0.599055
0.520406
0.461696
0.559783
0.649417
0.681321
0.539194
0.58659
0.57401
0.597354
0.575139
0.576309
0.565443
0.453479
0.49753
0.465325
0.516639
0.593759
0.535217
0.417274
0.515646
0.514252
0.552082
0.388543
0.411628
0.644231
0.663759
0.654299
0.513708
0.543101
0.618838
