0.468423
0.00770725
0.482042
0.639009
0.470299
0.524635
0.489045
0.422877
0.476651
0.510153
0.465977
0.572903
0.432083
0.476819
0.464597
0.506924
0.441293
0.346595
0.560337
0.464425
0.473267
0.444014
0.554408
0.545623
0.552568
0.389844
0.536691
0.45501
0.438049
0.470745
0.683976
0.46191
0.557432
0.487804
0.422582
0.479615
0.546585
0.511641
0.400365
0.404104
0.615552
0.302208
0.426476
0.408538
0.724691
0.536234
0.355658
0.437595
0.405035
0.485024
0.344188
0.550774
0.510981
0.386333
0.46453
0.417936
0.45725
0.465432
0.44274
0.362163
0.645177
0.559484
0.326083
0.481278
0.442681
0.274597
0.447078
0.416318
0.686587
0.483446
0.625142
0.402717
0.48574
0.369229
0.362226
0.401821
0.500535
0.553179
0.402597
0.427846
0.418429
0.391748
0.518882
0.548889
0.345861
0.401295
0.543307
0.37971
0.542859
0.256776
0.471149
0.252613
0.424687
0.52429
0.395689
0.491825
0.397156
0.527071
0.56229
0.444432
0.543247
0.504087
