0.407966
0.00587743
0.424762
0.463422
0.27775
0.332809
0.460424
0.377908
0.344382
0.47708
0.470142
0.356408
0.415141
0.422698
0.373092
0.302715
0.453477
0.422691
0.537146
0.384349
0.416108
0.388063
0.355149
0.400773
0.480653
0.454182
0.390807
0.292733
0.394594
0.417611
0.599486
0.404194
0.38958
0.684625
0.252248
0.292846
0.454384
0.404698
0.430137
0.369721
0.436606
0.442918
0.546938
0.325372
0.292408
0.543149
0.48455
0.416469
0.436944
0.417259
0.293764
0.366618
0.397681
0.489927
0.425151
0.329882
0.423444
0.437406
0.444616
0.502066
0.297179
0.389642
0.278432
0.484826
0.423314
0.453229
0.334073
0.375347
0.49354
0.472583
0.500689
0.446781
0.538995
0.442064
0.369432
0.346003
0.316833
0.329849
0.405792
0.447679
0.378651
0.421372
0.3912
0.34958
0.38358
0.445373
0.34195
0.418495
0.421486
0.390224
0.519102
0.514073
0.41253
0.324028
0.369687
0.531538
0.310288
0.340252
0.285484
0.425882
0.42124
0.232165
