0.646197
0.00622938
0.636589
0.66853
0.736991
0.537285
0.56642
0.632016
0.567682
0.718226
0.54078
0.678191
0.529418
0.691637
0.676693
0.48929
0.62184
0.686189
0.479349
0.598262
0.704231
0.654656
0.554464
0.694939
0.621252
0.56883
0.651045
0.74653
0.602087
0.604842
0.568941
0.6505
0.711076
0.777382
0.50038
0.672797
0.659047
0.631628
0.719384
0.720483
0.635663
0.712094
0.658148
0.569894
0.723707
0.61174
0.716807
0.625878
0.614606
0.712729
0.621043
0.851802
0.631661
0.714757
0.572196
0.567661
0.623064
0.687361
0.573587
0.719174
0.718028
0.684851
0.634059
0.510861
0.63676
0.591266
0.636297
0.429227
0.824325
0.829163
0.746252
0.714177
0.610165
0.636661
0.621029
0.673231
0.686856
0.63307
0.689733
0.722009
0.483828
0.707554
0.640153
0.512814
0.716462
0.751191
0.596043
0.692634
0.732184
0.651932
0.682201
0.719108
0.720224
0.523976
0.650325
0.698278
0.67958
0.612644
0.561413
0.517346
0.627021
0.701304
