0.583096
0.00775988
0.655995
0.553335
0.728215
0.501047
0.484875
0.580429
0.510035
0.803021
0.516425
0.624528
0.48033
0.740552
0.536679
0.577068
0.543844
0.485549
0.663266
0.590641
0.405349
0.479802
0.546766
0.651871
0.608686
0.624108
0.643045
0.674755
0.53295
0.625403
0.741083
0.650168
0.78559
0.539205
0.767401
0.464214
0.605616
0.607684
0.56879
0.613248
0.692658
0.58129
0.476507
0.505439
0.428707
0.709158
0.619082
0.491677
0.797255
0.498415
0.490149
0.615286
0.491123
0.436934
0.652698
0.505319
0.514552
0.612915
0.637806
0.551785
0.698681
0.562495
0.533016
0.484451
0.646623
0.568965
0.697778
0.532087
0.548043
0.748552
0.55312
0.691714
0.594965
0.578368
0.488797
0.573818
0.641148
0.486415
0.529592
0.586896
0.711825
0.617634
0.595795
0.482606
0.618106
0.511821
0.597391
0.512901
0.578398
0.640846
0.542019
0.470563
0.449753
0.662917
0.607665
0.517951
0.58883
0.555339
0.577684
0.586644
0.692137
0.424962
