0.518579
0.00498724
0.42718
0.501019
0.451974
0.382875
0.511606
0.502521
0.541806
0.536297
0.505903
0.458142
0.512071
0.491165
0.485351
0.541252
0.468085
0.578948
0.444833
0.579747
0.493146
0.535056
0.614523
0.590545
0.699198
0.558457
0.427378
0.580804
0.573129
0.498118
0.541955
0.653563
0.43288
0.44234
0.593625
0.506443
0.432255
0.409811
0.649498
0.520901
0.583184
0.468497
0.427745
0.425911
0.395438
0.532491
0.527205
0.595627
0.533392
0.613033
0.556012
0.451944
0.496314
0.551839
0.449604
0.414707
0.513142
0.533542
0.577384
0.55109
0.669365
0.562153
0.521248
0.407821
0.424849
0.524444
0.470712
0.457649
0.57471
0.585493
0.448378
0.539384
0.522448
0.491859
0.545899
0.465009
0.49872
0.625684
0.576892
0.376557
0.540849
0.544939
0.331177
0.514778
0.523809
0.586722
0.523226
0.463439
0.615738
0.543213
0.525036
0.519064
0.592259
0.581446
0.452505
0.528505
0.481634
0.527885
0.666247
0.647634
0.562738
0.423316
