0.682255
0.00625234
0.641701
0.549729
0.668667
0.726616
0.70841
0.711563
0.63554
0.709111
0.692313
0.849708
0.536769
0.841196
0.755158
0.643951
0.479292
0.617727
0.774392
0.819453
0.530203
0.643095
0.65601
0.739372
0.716012
0.65349
0.655281
0.726929
0.687172
0.606394
0.659969
0.592115
0.754177
0.760422
0.575778
0.629665
0.757578
0.704573
0.678417
0.634887
0.682792
0.729599
0.720269
0.72072
0.788352
0.678813
0.709601
0.827234
0.7115
0.787616
0.767266
0.618528
0.670917
0.643434
0.685729
0.677736
0.73042
0.786403
0.672861
0.599753
0.556309
0.670901
0.706524
0.795811
0.81058
0.776606
0.603172
0.805665
0.752396
0.612849
0.570286
0.567984
0.675946
0.613877
0.638965
0.701878
0.665566
0.659741
0.632589
0.678566
0.708931
0.63117
0.631927
0.662847
0.843297
0.688832
0.684964
0.537472
0.62849
0.775446
0.460375
0.571101
0.789875
0.723679
0.650542
0.640819
0.778167
0.703031
0.64758
0.626559
0.679403
0.732391
