0.724527
0.00561525
0.740063
0.654726
0.811644
0.630509
0.738616
0.672288
0.705441
0.751455
0.784398
0.761536
0.706195
0.652516
0.762634
0.834958
0.712903
0.794299
0.741418
0.88901
0.589849
0.669312
0.571172
0.591917
0.843094
0.730432
0.756514
0.75563
0.570969
0.767726
0.660158
0.734371
0.659387
0.841826
0.71996
0.876012
0.644214
0.726082
0.633325
0.73813
0.706733
0.743529
0.644101
0.77076
0.663269
0.725469
0.786273
0.667352
0.621828
0.710415
0.546297
0.829996
0.862488
0.858582
0.719224
0.717925
0.736528
0.747757
0.718785
0.775021
0.747382
0.769981
0.737707
0.661793
0.851085
0.758969
0.706382
0.746415
0.819587
0.673932
0.7217
0.674337
0.768648
0.836687
0.703274
0.502236
0.680474
0.688764
0.75029
0.715229
0.803747
0.685082
0.704241
0.667615
0.709427
0.705455
0.768991
0.710031
0.556622
0.771519
0.655483
0.798406
0.744526
0.630148
0.715514
0.844823
0.712547
0.791342
0.719854
0.819361
0.753458
0.692656
