0.747345
0.00510069
0.569759
0.77017
0.764993
0.737556
0.720497
0.731415
0.646524
0.679654
0.775153
0.765226
0.738429
0.676031
0.817825
0.792121
0.882538
0.697519
0.740017
0.838014
0.773811
0.692814
0.909825
0.768082
0.736054
0.753747
0.681229
0.852882
0.759698
0.721465
0.678495
0.880333
0.632998
0.813705
0.714071
0.657106
0.725872
0.73295
0.742491
0.778264
0.770311
0.808826
0.722707
0.69908
0.671215
0.782622
0.710208
0.765854
0.703478
0.688238
0.624031
0.738806
0.787832
0.645196
0.746722
0.916337
0.779542
0.717563
0.823026
0.850462
0.59472
0.717946
0.766773
0.719689
0.838686
0.743578
0.725977
0.699721
0.771097
0.549887
0.848953
0.669476
0.779967
0.675455
0.832401
0.836299
0.674809
0.7155
0.677368
0.719233
0.760271
0.666549
0.849481
0.779502
0.645707
0.709342
0.755453
0.785583
0.801934
0.809911
0.808837
0.87329
0.740754
0.832384
0.632465
0.794382
0.771609
0.673109
0.788198
0.779925
0.850517
0.766413
