0.702701
0.00589588
0.76592
0.692705
0.742326
0.849601
0.656019
0.700286
0.640264
0.730174
0.787764
0.76171
0.642089
0.695635
0.630076
0.738795
0.610726
0.636733
0.750148
0.661434
0.852372
0.614151
0.582944
0.79979
0.744642
0.743957
0.7323
0.587477
0.757038
0.768691
0.771618
0.64191
0.723205
0.68178
0.673555
0.639049
0.656717
0.813389
0.712889
0.66201
0.602221
0.59083
0.602135
0.668243
0.777774
0.832049
0.776783
0.772373
0.757557
0.848137
0.655755
0.772311
0.760646
0.746344
0.649132
0.695144
0.773193
0.808658
0.618139
0.685967
0.777566
0.572312
0.669123
0.774561
0.674009
0.749852
0.705691
0.758601
0.630776
0.824526
0.676653
0.705451
0.642347
0.701507
0.705149
0.696342
0.756953
0.499135
0.786934
0.601622
0.639533
0.627931
0.662502
0.660922
0.651189
0.879333
0.772729
0.684
0.704557
0.660797
0.635245
0.622889
0.661795
0.814413
0.711788
0.745165
0.620373
0.775342
0.580616
0.594049
0.843273
0.567217
