0.642489
0.00730603
0.700161
0.650099
0.594306
0.547899
0.663684
0.733078
0.720691
0.577024
0.659151
0.643819
0.58541
0.70783
0.576076
0.667627
0.705116
0.79617
0.607917
0.529312
0.575087
0.730642
0.735594
0.676271
0.690047
0.655528
0.778182
0.608101
0.570915
0.728182
0.618679
0.683568
0.826623
0.644085
0.723309
0.612097
0.617884
0.452399
0.606766
0.775917
0.52545
0.737153
0.660014
0.69942
0.590668
0.660828
0.713026
0.631948
0.54091
0.451932
0.524198
0.616295
0.566894
0.592564
0.824476
0.716005
0.66758
0.544352
0.621229
0.743693
0.715292
0.578889
0.591774
0.675899
0.637278
0.707932
0.553799
0.749632
0.606842
0.58701
0.668087
0.58145
0.724333
0.619691
0.6002
0.704038
0.706819
0.754384
0.719217
0.716971
0.594403
0.677436
0.689356
0.653443
0.465024
0.672373
0.737095
0.647832
0.523929
0.581238
0.50517
0.79329
0.613887
0.448444
0.621813
0.689868
0.7132
0.575517
0.662691
0.396472
0.673495
0.509505
