0.552709
0.00618734
0.601266
0.531312
0.606441
0.383186
0.39392
0.531094
0.531087
0.521363
0.565278
0.497859
0.669688
0.633118
0.439717
0.61272
0.58687
0.48
0.527056
0.430351
0.692321
0.423887
0.507976
0.498021
0.57259
0.429109
0.412681
0.665529
0.570644
0.525422
0.585285
0.654799
0.644667
0.547851
0.535293
0.508502
0.402167
0.612474
0.590526
0.602693
0.492865
0.707898
0.634922
0.444687
0.464951
0.622705
0.574012
0.647241
0.501438
0.58892
0.467099
0.508885
0.49622
0.610434
0.455497
0.514889
0.662774
0.725401
0.628156
0.622755
0.507571
0.633894
0.536398
0.528752
0.580597
0.446998
0.600257
0.619184
0.604141
0.470707
0.621939
0.544021
0.587059
0.531724
0.56325
0.609224
0.52774
0.527045
0.441274
0.542167
0.513142
0.654346
0.724288
0.522573
0.655496
0.48358
0.49841
0.58968
0.466521
0.642429
0.54192
0.565438
0.523003
0.605457
0.459542
0.572481
0.616127
0.574714
0.669898
0.423238
0.441835
0.606372
