0.346955
0.000414223
0.354839
0.360446
0.364496
0.301561
0.299721
0.318308
0.334821
0.350251
0.330168
0.405902
0.350418
0.345192
0.326667
0.281024
0.317549
0.348383
0.347632
0.349083
0.335559
0.341301
0.334446
0.361359
0.346882
0.384358
0.37256
0.341681
0.382943
0.376674
0.356904
0.343159
0.330735
0.351893
0.341681
0.316992
0.358417
0.345384
0.361513
0.341681
0.348721
0.347222
0.347269
0.350418
0.370123
0.308463
0.345961
0.339822
0.319599
0.30384
0.334633
0.350809
0.346496
0.332777
0.35766
0.351366
0.355432
0.350946
0.344636
0.354086
0.358018
0.346859
0.341695
0.335192
0.362772
0.329989
0.298607
0.342794
0.369505
0.353563
0.329805
0.368509
0.361157
0.340745
0.362625
0.347269
0.340947
0.356904
0.356507
0.359688
0.345384
0.329628
0.349666
0.344308
0.3604
0.345212
0.334821
0.336116
0.348941
0.36227
0.379464
0.360089
0.350975
0.373749
0.329438
0.342794
0.367631
0.356507
0.306622
0.391523
0.359131
0.38483
