0.534189
0.000773977
0.563824
0.5625
0.557065
0.515761
0.544022
0.567391
0.528804
0.532609
0.541848
0.521999
0.521196
0.588587
0.546739
0.534783
0.521739
0.542391
0.534492
0.590217
0.487778
0.546739
0.530147
0.502174
0.501087
0.517391
0.515744
0.520652
0.503261
0.505978
0.542935
0.55163
0.534239
0.563043
0.532609
0.56413
0.51711
0.529348
0.552717
0.5125
0.547283
0.523913
0.528261
0.499457
0.527431
0.526087
0.569022
0.554891
0.547826
0.513043
0.480978
0.516567
0.55163
0.549457
0.54837
0.496196
0.542935
0.4875
0.547283
0.488587
0.540761
0.55
0.563824
0.490217
0.478804
0.450543
0.56087
0.564674
0.56413
0.535326
0.518478
0.545356
0.504891
0.509783
0.549457
0.532609
0.547283
0.542391
0.561108
0.57337
0.591304
0.587724
0.56413
0.564061
0.553261
0.471739
0.493478
0.505435
0.555978
0.534783
0.533696
0.511413
0.513851
0.554348
0.545652
0.480978
0.546739
0.553261
0.559239
0.545109
0.567391
0.507609
