0.531606
0.000737277
0.5125
0.542935
0.477717
0.523913
0.554348
0.532319
0.579891
0.527174
0.466848
0.45
0.48913
0.497283
0.500543
0.504891
0.528804
0.528804
0.558696
0.556522
0.536413
0.504348
0.496196
0.547826
0.578261
0.542391
0.567935
0.580978
0.548913
0.563587
0.51711
0.521196
0.464674
0.537208
0.551574
0.494565
0.521196
0.538043
0.559783
0.520913
0.545109
0.556522
0.528261
0.540217
0.554348
0.542097
0.565454
0.519022
0.51711
0.509783
0.540467
0.524457
0.555978
0.529603
0.516848
0.522283
0.553261
0.527717
0.575
0.581522
0.593478
0.5375
0.517935
0.580435
0.514674
0.495109
0.51087
0.55163
0.55163
0.520109
0.538043
0.501901
0.544565
0.5125
0.553261
0.514674
0.49837
0.531776
0.529348
0.546739
0.503261
0.538587
0.546739
0.520109
0.545109
0.516848
0.550543
0.506247
0.516848
0.5375
0.57663
0.5625
0.484239
0.555435
0.527717
0.5
0.510326
0.536957
0.535326
0.522826
0.536413
0.555435
