0.142548
9.90039e-05
0.141947
0.129651
0.13971
0.140698
0.148492
0.149245
0.136549
0.145433
0.150844
0.154561
0.144683
0.143935
0.155995
0.158813
0.158749
0.129651
0.143602
0.131671
0.134727
0.13697
0.143685
0.159236
0.125651
0.135731
0.134068
0.113755
0.162209
0.141115
0.147417
0.153221
0.132251
0.149072
0.140944
0.140951
0.141778
0.136469
0.147008
0.149245
0.147998
0.149072
0.150581
0.141361
0.13713
0.13971
0.120279
0.142609
0.131747
0.128414
0.130787
0.142361
0.130738
0.137471
0.137153
0.144599
0.128265
0.13581
0.139373
0.150812
0.134727
0.140453
0.167055
0.150494
0.135889
0.147846
0.13971
0.13051
0.135967
0.165313
0.148406
0.137891
0.141613
0.140616
0.157742
0.15963
0.149158
0.144683
0.152729
0.142857
0.143685
0.133333
0.138051
0.144102
0.134962
0.140698
0.141613
0.138712
0.143521
0.138031
0.148837
0.145012
0.116657
0.144767
0.160953
0.128339
0.149245
0.161159
0.146087
0.157068
0.140788
0.139872
