0.546745
0.00698052
0.489363
0.453953
0.575464
0.660967
0.490059
0.567257
0.431877
0.601911
0.550314
0.583632
0.561561
0.475625
0.612877
0.505349
0.502161
0.550484
0.511696
0.607024
0.642083
0.62588
0.536443
0.520332
0.518918
0.578995
0.5698
0.627615
0.578606
0.562021
0.510981
0.62387
0.536931
0.55796
0.563726
0.774965
0.428568
0.618288
0.576464
0.563917
0.632102
0.40004
0.540977
0.559892
0.688319
0.304715
0.474227
0.590134
0.616894
0.694491
0.356358
0.524495
0.57855
0.608596
0.476116
0.726493
0.568024
0.515313
0.481368
0.615389
0.400679
0.463349
0.555852
0.689344
0.477116
0.430753
0.543873
0.466148
0.639203
0.440502
0.470076
0.487847
0.639064
0.510519
0.441012
0.513576
0.658505
0.614293
0.396007
0.572037
0.461113
0.537404
0.547708
0.595135
0.556804
0.713688
0.622559
0.510703
0.560663
0.618075
0.556014
0.502191
0.46558
0.551026
0.629467
0.474147
0.413507
0.620226
0.664344
0.404757
0.5595
0.499689
