0.751205
0.00647376
0.750094
0.643135
0.737486
0.664945
0.852845
0.832641
0.800842
0.896238
0.829592
0.640443
0.528562
0.741788
0.873023
0.783743
0.787087
0.701722
0.793017
0.718418
0.683266
0.679262
0.7642
0.716271
0.727429
0.691915
0.601484
0.759356
0.741892
0.60324
0.871422
0.831767
0.653872
0.723264
0.649865
0.723887
0.756509
0.874686
0.685035
0.851017
0.643167
0.856212
0.736073
0.737076
0.760394
0.593861
0.691925
0.662655
0.798325
0.711698
0.713444
0.920932
0.720076
0.778859
0.724851
0.805967
0.911413
0.750342
0.696384
0.656411
0.806276
0.773851
0.881116
0.85708
0.78446
0.832186
0.796227
0.61662
0.681979
0.760528
0.750688
0.714783
0.793872
0.760444
0.786764
0.683627
0.780366
0.827325
0.720797
0.60091
0.763908
0.792924
0.824391
0.832217
0.699667
0.691363
0.74504
0.796139
0.755934
0.843727
0.836578
0.877783
0.807255
0.615076
0.801062
0.854918
0.708714
0.772696
0.577736
0.793773
0.776156
0.708255
