0.531121
0.000985773
0.511027
0.568817
0.550538
0.51129
0.540323
0.49086
0.526882
0.533871
0.573656
0.523656
0.586559
0.488172
0.53871
0.474731
0.471505
0.543011
0.55
0.564516
0.545699
0.564516
0.536022
0.511828
0.538172
0.52957
0.497312
0.550538
0.496237
0.566667
0.554301
0.572581
0.580108
0.604301
0.501613
0.500538
0.509677
0.565591
0.508602
0.56828
0.525269
0.497849
0.556452
0.524731
0.535484
0.558065
0.51828
0.52957
0.545699
0.574731
0.559677
0.50914
0.53871
0.533333
0.526882
0.494086
0.481183
0.476344
0.509677
0.525806
0.518817
0.553226
0.539785
0.549462
0.503226
0.527957
0.551613
0.551613
0.597849
0.614516
0.541398
0.484946
0.457527
0.559677
0.532796
0.558602
0.46828
0.522043
0.482258
0.542473
0.486559
0.553763
0.53172
0.546237
0.486559
0.543011
0.505914
0.512903
0.546237
0.532796
0.471505
0.505376
0.555914
0.508602
0.528495
0.504839
0.542473
0.513978
0.555376
0.537097
0.552151
0.56129
