0.691206
0.0075739
0.59512
0.515096
0.466632
0.627283
0.517158
0.571901
0.617514
0.620057
0.659464
0.721429
0.62379
0.589073
0.814075
0.653318
0.670517
0.791004
0.807125
0.725752
0.771477
0.675295
0.558846
0.598158
0.577212
0.759918
0.812608
0.588115
0.785313
0.614392
0.798092
0.741597
0.651288
0.76692
0.495323
0.671115
0.645922
0.812417
0.734102
0.6402
0.72876
0.632912
0.659806
0.698806
0.742219
0.699929
0.719342
0.806443
0.589931
0.75733
0.646075
0.74346
0.688998
0.733174
0.752078
0.605259
0.548687
0.870969
0.645382
0.765424
0.786366
0.729613
0.77684
0.709337
0.705064
0.827
0.738971
0.761927
0.80041
0.623069
0.63187
0.687078
0.713656
0.860892
0.673615
0.663009
0.791766
0.685986
0.76392
0.739634
0.627392
0.82038
0.704109
0.772981
0.856792
0.652814
0.635778
0.682859
0.661804
0.701205
0.676413
0.762083
0.764543
0.485368
0.601939
0.690689
0.62921
0.764705
0.617691
0.582609
0.725599
0.714042
