0.531562
0.000901942
0.565217
0.557306
0.58587
0.559783
0.559239
0.533152
0.513043
0.544565
0.574688
0.541304
0.512222
0.513587
0.528261
0.494022
0.483152
0.533696
0.559783
0.553804
0.552717
0.540761
0.567935
0.560326
0.499457
0.544813
0.553261
0.555978
0.535326
0.525
0.532609
0.515761
0.506522
0.541304
0.583696
0.527174
0.565997
0.522826
0.557609
0.508696
0.54837
0.553804
0.559239
0.48913
0.481803
0.504074
0.535326
0.515481
0.584239
0.566848
0.51087
0.505703
0.544565
0.552717
0.55163
0.493753
0.503261
0.503531
0.531233
0.530435
0.51413
0.525543
0.519022
0.565761
0.521739
0.524457
0.51413
0.467935
0.533152
0.531233
0.546739
0.545109
0.55163
0.567935
0.563043
0.549158
0.516848
0.533152
0.6
0.57849
0.521739
0.525543
0.533696
0.495652
0.554891
0.527431
0.525
0.526087
0.491848
0.516304
0.497556
0.530978
0.513851
0.479631
0.56413
0.485326
0.515217
0.533696
0.541848
0.533949
0.392391
0.503804
