0.48413
0.00652806
0.426559
0.427179
0.495597
0.421898
0.592743
0.445781
0.567873
0.717097
0.641252
0.416623
0.477191
0.563734
0.376339
0.483323
0.501667
0.459939
0.585964
0.545043
0.536812
0.465828
0.593214
0.668368
0.381484
0.495378
0.472531
0.409198
0.407493
0.396431
0.630955
0.570247
0.650352
0.476233
0.35575
0.443497
0.510611
0.448536
0.486627
0.537802
0.376266
0.430677
0.573226
0.463382
0.465089
0.384451
0.564219
0.562854
0.449819
0.501705
0.554462
0.547307
0.483773
0.375891
0.504484
0.483071
0.374286
0.447571
0.454396
0.547609
0.27251
0.542849
0.463201
0.493875
0.498943
0.396608
0.512224
0.428064
0.620509
0.449825
0.542068
0.397764
0.428542
0.373717
0.466806
0.41779
0.587891
0.517488
0.672326
0.458517
0.538144
0.528352
0.450385
0.535882
0.332505
0.46133
0.435776
0.51862
0.31124
0.485632
0.443957
0.594264
0.510115
0.481313
0.409175
0.477418
0.432068
0.485707
0.422891
0.461613
0.401976
0.525465
