0.421487
0.00706603
0.359094
0.376773
0.442873
0.450158
0.362887
0.443545
0.481977
0.436993
0.463069
0.533344
0.558238
0.467625
0.492477
0.588476
0.517099
0.540931
0.501045
0.332847
0.307759
0.327141
0.447054
0.367382
0.394925
0.414229
0.429564
0.461127
0.232085
0.352879
0.387311
0.305875
0.316125
0.53487
0.361937
0.43942
0.464007
0.490443
0.423061
0.495271
0.379729
0.470957
0.456502
0.576398
0.543918
0.486955
0.474311
0.436649
0.546233
0.416425
0.309082
0.270977
0.437092
0.471554
0.363429
0.277667
0.429646
0.483233
0.534453
0.264846
0.40121
0.459488
0.487233
0.384974
0.292873
0.475681
0.396023
0.403226
0.339401
0.502332
0.44176
0.315137
0.282182
0.433222
0.337651
0.490634
0.571917
0.413205
0.448476
0.37358
0.458977
0.511792
0.504071
0.310783
0.423359
0.177149
0.543889
0.398832
0.235877
0.427523
0.379026
0.33726
0.3335
0.322378
0.510283
0.425333
0.396576
0.49155
0.446884
0.445839
0.476674
0.408983
