0.506379
0.00657184
0.539323
0.426347
0.573828
0.472059
0.497345
0.504394
0.590057
0.470253
0.454884
0.457861
0.4582
0.479377
0.342167
0.509948
0.497878
0.499278
0.539417
0.4925
0.635509
0.537158
0.535646
0.514316
0.40225
0.417198
0.449764
0.522622
0.449861
0.604589
0.496592
0.519174
0.526873
0.350316
0.747965
0.738912
0.470639
0.527779
0.572427
0.451184
0.593377
0.543957
0.477429
0.686075
0.51421
0.460892
0.419668
0.361616
0.492757
0.471887
0.53833
0.498682
0.446061
0.518778
0.602121
0.503555
0.446536
0.483906
0.465856
0.467946
0.45946
0.678071
0.534828
0.561925
0.46545
0.633455
0.491891
0.571957
0.511547
0.699547
0.531443
0.405882
0.509144
0.448115
0.383717
0.697472
0.334366
0.48245
0.406073
0.493325
0.435901
0.444432
0.500731
0.4292
0.503795
0.621276
0.490349
0.517512
0.389491
0.448078
0.44401
0.617934
0.51124
0.546882
0.612977
0.520745
0.489542
0.484443
0.478352
0.45022
0.477637
0.653533
