0.453612
0.00667312
0.411479
0.394127
0.51892
0.556731
0.355634
0.462042
0.489858
0.432359
0.495622
0.526651
0.498288
0.465878
0.556904
0.41649
0.358144
0.494406
0.357585
0.281012
0.420304
0.4248
0.444075
0.417078
0.568363
0.50088
0.362339
0.332604
0.367314
0.656684
0.386764
0.508047
0.417701
0.427962
0.601398
0.333448
0.339464
0.411431
0.535431
0.457826
0.434212
0.532891
0.435264
0.471811
0.256295
0.394297
0.419917
0.429465
0.383486
0.55745
0.429134
0.452457
0.477583
0.476097
0.300646
0.452661
0.546694
0.472208
0.46795
0.40957
0.47604
0.556677
0.412655
0.616314
0.487644
0.351997
0.342653
0.542057
0.467182
0.342023
0.529922
0.558568
0.397045
0.552986
0.440363
0.440592
0.467547
0.6423
0.283363
0.444931
0.502561
0.431276
0.541858
0.385366
0.425326
0.524715
0.505297
0.419648
0.427854
0.406524
0.582073
0.567748
0.485792
0.363418
0.501177
0.559878
0.357623
0.333693
0.518951
0.480526
0.360672
0.540267
