0.396323
0.00546683
0.463523
0.377566
0.453738
0.553733
0.38201
0.475601
0.311377
0.174766
0.475809
0.357833
0.315661
0.410309
0.434738
0.471288
0.40112
0.404734
0.331127
0.311806
0.429951
0.472035
0.358938
0.453371
0.328554
0.386375
0.491122
0.426818
0.398174
0.576189
0.380979
0.41163
0.495575
0.337993
0.447731
0.29162
0.41609
0.445627
0.463656
0.433385
0.368568
0.346911
0.312493
0.463332
0.379557
0.569215
0.362056
0.344245
0.429339
0.442196
0.432837
0.426153
0.410667
0.436635
0.45372
0.386309
0.362856
0.458708
0.384648
0.52955
0.5063
0.336177
0.410368
0.489542
0.412946
0.320712
0.312595
0.428247
0.46596
0.250714
0.462042
0.429665
0.259203
0.27237
0.463814
0.339502
0.46001
0.403934
0.349052
0.313016
0.533892
0.294373
0.291028
0.347417
0.365892
0.267825
0.473889
0.300437
0.375464
0.433234
0.293675
0.318684
0.44424
0.363953
0.383703
0.369123
0.457288
0.353234
0.326476
0.313568
0.404984
0.381224
