0.665
0.00591683
0.59449
0.457738
0.584983
0.744307
0.641799
0.728498
0.7652
0.681267
0.756811
0.665222
0.676913
0.695356
0.701457
0.755325
0.608431
0.513295
0.75516
0.599349
0.82012
0.760748
0.604514
0.674755
0.624793
0.724257
0.591477
0.562728
0.534703
0.651884
0.80517
0.69895
0.653639
0.710594
0.709
0.552264
0.645734
0.666193
0.598021
0.741587
0.650917
0.64195
0.730887
0.68179
0.649382
0.699493
0.794269
0.581924
0.66138
0.649066
0.733378
0.531788
0.786241
0.792649
0.56047
0.600278
0.730304
0.760868
0.740509
0.766832
0.613462
0.742118
0.634899
0.52024
0.750833
0.563543
0.753109
0.781464
0.679998
0.699405
0.618804
0.668641
0.703618
0.70546
0.61658
0.686759
0.698226
0.708413
0.668906
0.625403
0.715168
0.580908
0.677069
0.632578
0.642108
0.52316
0.648861
0.662785
0.570397
0.6925
0.759215
0.554266
0.683615
0.556432
0.517464
0.707155
0.673811
0.610267
0.704239
0.750451
0.64163
0.554896
