0.672218
0.00577716
0.646825
0.585729
0.589913
0.874262
0.575642
0.761481
0.606549
0.636918
0.636319
0.626786
0.58117
0.699267
0.75924
0.769962
0.476295
0.65637
0.628549
0.667549
0.780189
0.654773
0.598476
0.55292
0.657778
0.72683
0.638158
0.705181
0.557866
0.645821
0.540142
0.757667
0.699191
0.698188
0.746608
0.695474
0.690401
0.768007
0.708741
0.634498
0.659767
0.747328
0.698523
0.688389
0.802814
0.654076
0.565783
0.714837
0.732937
0.617128
0.715884
0.729122
0.737632
0.595462
0.622816
0.641141
0.633731
0.58391
0.733339
0.56429
0.849622
0.602995
0.715583
0.576306
0.754146
0.606059
0.72387
0.631839
0.734422
0.70445
0.729026
0.741346
0.634009
0.70254
0.628616
0.644358
0.722682
0.673309
0.743245
0.601474
0.735253
0.55297
0.500618
0.702859
0.759809
0.821361
0.662703
0.598571
0.728561
0.622047
0.770266
0.551854
0.63908
0.71108
0.698411
0.663986
0.67691
0.719049
0.65409
0.547941
0.80092
0.708894
