0.640795
0.00711965
0.679036
0.663241
0.67643
0.615882
0.537719
0.615653
0.653007
0.387696
0.722868
0.740137
0.776543
0.597727
0.61545
0.505717
0.610792
0.825377
0.827498
0.594441
0.558707
0.528458
0.560444
0.826102
0.620304
0.633241
0.720698
0.763184
0.680078
0.615476
0.691724
0.495842
0.628273
0.505865
0.690427
0.722422
0.641937
0.540024
0.633943
0.572922
0.582714
0.613717
0.545042
0.675444
0.594274
0.652957
0.727179
0.691821
0.576936
0.63405
0.679885
0.452842
0.581589
0.638431
0.573179
0.752158
0.643597
0.701365
0.670234
0.619175
0.530436
0.789307
0.681151
0.533359
0.686972
0.564359
0.656854
0.619696
0.65875
0.711441
0.742467
0.666306
0.600101
0.506889
0.614512
0.736871
0.607934
0.642906
0.455064
0.548731
0.589182
0.609983
0.638724
0.628566
0.618752
0.69196
0.751625
0.680661
0.570684
0.656408
0.788641
0.671783
0.736177
0.712396
0.714432
0.666943
0.548099
0.638483
0.670924
0.619896
0.829403
0.60975
