0.641314
0.00772876
0.586052
0.757231
0.448873
0.689085
0.707953
0.621472
0.668111
0.491113
0.68326
0.589578
0.649976
0.586229
0.583833
0.643715
0.550988
0.643231
0.596087
0.552234
0.529325
0.662276
0.765222
0.579118
0.70216
0.749924
0.578903
0.751354
0.707991
0.688582
0.78341
0.89205
0.707335
0.754445
0.696524
0.67634
0.71924
0.657542
0.643562
0.619623
0.752974
0.616755
0.631094
0.617186
0.593448
0.577172
0.814825
0.52108
0.627057
0.629724
0.761352
0.619476
0.779174
0.680646
0.631991
0.495837
0.658913
0.5502
0.600047
0.572911
0.737085
0.611325
0.497231
0.699972
0.462993
0.681389
0.541568
0.644941
0.725262
0.603271
0.615036
0.503885
0.471026
0.544496
0.531774
0.55109
0.599774
0.64651
0.729644
0.552837
0.801408
0.60692
0.753578
0.685462
0.599219
0.61641
0.709448
0.750637
0.659998
0.626292
0.64842
0.696342
0.492981
0.556495
0.71934
0.651344
0.644314
0.580554
0.557069
0.627128
0.857663
0.693503
