0.664666
0.00722348
0.732644
0.609868
0.779877
0.682802
0.797168
0.788179
0.694661
0.674563
0.674299
0.769394
0.651872
0.717274
0.618635
0.664424
0.672842
0.796214
0.555891
0.62976
0.715837
0.843378
0.792734
0.501038
0.672125
0.630231
0.620424
0.648229
0.694356
0.729005
0.601948
0.572998
0.510457
0.578254
0.605715
0.670806
0.619693
0.8067
0.728943
0.630821
0.847144
0.67779
0.603875
0.650356
0.494713
0.638495
0.642372
0.600688
0.611582
0.68654
0.682715
0.650561
0.573842
0.563056
0.664097
0.68274
0.577302
0.73703
0.612873
0.617378
0.675812
0.534346
0.720842
0.597123
0.728675
0.664181
0.444283
0.527715
0.637859
0.491102
0.707861
0.639064
0.712448
0.914939
0.582281
0.683467
0.684946
0.748208
0.68172
0.766498
0.619066
0.701575
0.739684
0.778913
0.631488
0.713627
0.787203
0.632207
0.517488
0.49638
0.637969
0.690887
0.594422
0.70247
0.613724
0.768717
0.768047
0.661016
0.694719
0.709729
0.705885
0.658783
