0.51685
0.00728069
0.362431
0.501337
0.638241
0.650005
0.547205
0.419104
0.468929
0.649214
0.660073
0.452045
0.540682
0.600948
0.495609
0.475431
0.540924
0.627755
0.543368
0.542524
0.545377
0.516463
0.427731
0.437155
0.378569
0.624554
0.654797
0.419873
0.509311
0.567606
0.379076
0.471483
0.432606
0.602738
0.425658
0.437226
0.589557
0.433045
0.56787
0.476233
0.355722
0.476406
0.42249
0.56199
0.460917
0.439323
0.646955
0.641101
0.456847
0.526212
0.328448
0.480861
0.445271
0.65053
0.4507
0.475429
0.566842
0.52763
0.543566
0.531924
0.509661
0.449009
0.678099
0.596151
0.602932
0.468929
0.628141
0.414599
0.559227
0.330163
0.586559
0.546007
0.71922
0.604665
0.462561
0.50518
0.496491
0.540132
0.499826
0.474606
0.536863
0.460453
0.601453
0.494689
0.621102
0.649896
0.586734
0.582752
0.591637
0.563023
0.513811
0.439483
0.382889
0.489312
0.512795
0.563446
0.560453
0.384116
0.51955
0.35941
0.484056
0.513035
