0.508537
0.00657487
0.636005
0.652349
0.576439
0.495373
0.505837
0.456023
0.702497
0.579615
0.450413
0.575658
0.602405
0.402495
0.41245
0.50378
0.357682
0.48454
0.429304
0.618903
0.458153
0.459818
0.476207
0.484118
0.616106
0.430738
0.389036
0.448585
0.472717
0.494226
0.448307
0.474675
0.43579
0.405911
0.637335
0.520071
0.37066
0.527632
0.581965
0.56597
0.638267
0.517835
0.472061
0.601385
0.621856
0.601455
0.472165
0.562354
0.458476
0.515894
0.546332
0.485694
0.466142
0.45417
0.593766
0.486017
0.713333
0.52446
0.429455
0.468269
0.576304
0.487441
0.380505
0.555589
0.601314
0.557441
0.43722
0.551264
0.651002
0.465505
0.501054
0.479849
0.360542
0.490424
0.618158
0.434953
0.500667
0.470448
0.406682
0.489005
0.452286
0.399231
0.588464
0.642556
0.514611
0.652825
0.513863
0.551328
0.555052
0.513618
0.331432
0.470896
0.536613
0.454972
0.436792
0.454354
0.48033
0.428021
0.55204
0.546877
0.381566
0.611457
