0.50752
0.00685509
0.587674
0.434906
0.606608
0.665575
0.540625
0.492106
0.580161
0.520948
0.428026
0.603379
0.648502
0.53525
0.320517
0.622431
0.582415
0.511536
0.444748
0.624903
0.467757
0.510373
0.576422
0.439823
0.449023
0.45996
0.461984
0.403802
0.677181
0.512455
0.47188
0.486167
0.454295
0.484701
0.513481
0.568123
0.515082
0.421668
0.530915
0.499677
0.44201
0.438677
0.520733
0.471526
0.633016
0.527458
0.553062
0.415795
0.493964
0.514911
0.614901
0.568868
0.579259
0.576378
0.512594
0.444736
0.558731
0.490304
0.507556
0.510524
0.517281
0.366891
0.503583
0.479616
0.53345
0.506748
0.431889
0.521863
0.453345
0.631432
0.529922
0.458054
0.479958
0.476403
0.550299
0.471425
0.356526
0.427707
0.50472
0.359698
0.646578
0.453241
0.602161
0.428335
0.347715
0.484049
0.529535
0.356997
0.473875
0.593073
0.660215
0.441681
0.553233
0.634788
0.304922
0.687865
0.454219
0.624559
0.367293
0.422486
0.462377
0.631885
