0.517514
0.0056022
0.479917
0.484804
0.54655
0.507189
0.526337
0.473547
0.501958
0.411653
0.512271
0.545226
0.647052
0.505316
0.568693
0.474637
0.406632
0.56395
0.576587
0.559823
0.461686
0.350142
0.575622
0.488974
0.606089
0.459087
0.463531
0.472179
0.426646
0.449774
0.5583
0.593891
0.577682
0.455646
0.58908
0.408491
0.624005
0.420036
0.481458
0.425977
0.452965
0.531438
0.523851
0.563846
0.648668
0.520156
0.429299
0.532481
0.593326
0.593484
0.532812
0.512786
0.492215
0.350493
0.711528
0.566488
0.416917
0.648262
0.377797
0.609844
0.462319
0.467941
0.60446
0.490359
0.506181
0.583335
0.526234
0.571156
0.429531
0.406693
0.527811
0.603814
0.466115
0.580267
0.566582
0.529186
0.553731
0.577932
0.429885
0.524696
0.512323
0.661465
0.452561
0.695726
0.562405
0.538986
0.534615
0.450686
0.453231
0.592901
0.433439
0.603984
0.672745
0.475623
0.442733
0.477347
0.460536
0.462797
0.565774
0.471167
0.56379
0.469295
