0.533289
0.00777504
0.34649
0.39395
0.352085
0.420438
0.496182
0.618689
0.419748
0.510726
0.717604
0.5603
0.482877
0.462962
0.578181
0.422917
0.514109
0.655219
0.64096
0.57024
0.65338
0.608509
0.600075
0.546154
0.550141
0.636927
0.62054
0.632366
0.490844
0.493226
0.558092
0.583535
0.618125
0.603851
0.566309
0.537693
0.413788
0.626179
0.596182
0.521373
0.618083
0.661807
0.527734
0.545066
0.584377
0.52629
0.404096
0.596538
0.594606
0.613601
0.569644
0.505509
0.456036
0.609932
0.511904
0.624269
0.404842
0.525444
0.502554
0.476602
0.481807
0.448849
0.455538
0.629375
0.655936
0.580602
0.548368
0.578628
0.490276
0.485816
0.552354
0.580656
0.685404
0.546722
0.35917
0.551747
0.562007
0.512358
0.601498
0.348993
0.501813
0.50525
0.452087
0.59225
0.555057
0.568252
0.475917
0.329151
0.401776
0.49459
0.436668
0.335847
0.482
0.365623
0.608967
0.485646
0.575512
0.603061
0.45725
0.669701
0.687821
0.608651
