0.545636
0.00619916
0.497898
0.528748
0.512847
0.512712
0.440024
0.474618
0.579648
0.573759
0.512123
0.41051
0.564177
0.489731
0.486917
0.460823
0.557504
0.662212
0.607476
0.560826
0.599451
0.428231
0.563469
0.546328
0.565075
0.466413
0.564769
0.622785
0.532706
0.606255
0.704156
0.554922
0.504179
0.447288
0.409269
0.460391
0.469517
0.50895
0.548318
0.606937
0.536354
0.435102
0.523953
0.621649
0.632632
0.539405
0.550929
0.639825
0.326873
0.555944
0.625068
0.682687
0.470406
0.520453
0.461087
0.576825
0.52562
0.596757
0.502946
0.49904
0.579141
0.590877
0.577866
0.641646
0.695578
0.632698
0.43628
0.634592
0.623337
0.470023
0.722231
0.580964
0.471217
0.579866
0.452491
0.722679
0.530944
0.604299
0.510825
0.453148
0.60449
0.487186
0.571094
0.408543
0.599767
0.527604
0.44601
0.589736
0.585597
0.537264
0.526816
0.616755
0.617667
0.549063
0.635542
0.547205
0.707234
0.552427
0.637405
0.522899
0.467
0.350061
