0.586381
0.00680357
0.551708
0.583156
0.585608
0.573465
0.655238
0.569101
0.648925
0.654323
0.682981
0.603587
0.565012
0.622677
0.476448
0.745616
0.59191
0.636654
0.532611
0.61045
0.607154
0.640108
0.667526
0.552392
0.576198
0.687969
0.434345
0.638179
0.595821
0.456288
0.605823
0.498913
0.66912
0.65247
0.669847
0.613795
0.657073
0.458247
0.613139
0.565616
0.644799
0.65792
0.699427
0.639019
0.489642
0.450347
0.519358
0.575826
0.556512
0.506299
0.548833
0.534056
0.594908
0.555373
0.40462
0.474172
0.633571
0.711922
0.60517
0.636082
0.558712
0.50224
0.638139
0.462427
0.487493
0.591646
0.736328
0.586036
0.57467
0.684184
0.630674
0.637052
0.525151
0.395007
0.552813
0.706221
0.745651
0.552851
0.522892
0.591672
0.584564
0.411646
0.578628
0.524656
0.742684
0.601868
0.656745
0.596278
0.572799
0.744158
0.519573
0.517339
0.508847
0.626712
0.452524
0.672851
0.421035
0.585293
0.588724
0.733231
0.667023
0.461703
