0.346781
0.0050817
0.461901
0.359828
0.361502
0.296693
0.436911
0.292104
0.371057
0.319115
0.454266
0.306368
0.413816
0.434927
0.391448
0.260832
0.28179
0.347042
0.350599
0.280208
0.323323
0.346016
0.315028
0.363076
0.333983
0.484939
0.42204
0.301479
0.294332
0.401559
0.271995
0.187273
0.336214
0.299839
0.345391
0.353983
0.359837
0.281266
0.337082
0.274339
0.364778
0.255774
0.375497
0.4237
0.389274
0.291774
0.416193
0.442816
0.353524
0.296741
0.23172
0.311342
0.342833
0.317318
0.305903
0.221809
0.271969
0.327566
0.394531
0.351517
0.360502
0.218689
0.422753
0.495033
0.339708
0.419127
0.324498
0.22116
0.248035
0.272703
0.428385
0.404701
0.247616
0.35812
0.383868
0.41066
0.322618
0.315135
0.373229
0.304503
0.2618
0.539549
0.420733
0.293806
0.470415
0.325601
0.317589
0.30534
0.285972
0.350062
0.546854
0.41047
0.453299
0.340851
0.440946
0.273526
0.37262
0.423524
0.322882
0.337995
0.361184
0.212016
