0.656537
0.00663265
0.711627
0.797404
0.640215
0.695552
0.716859
0.704519
0.632621
0.610226
0.673698
0.760349
0.686002
0.553165
0.562002
0.640333
0.58396
0.640594
0.655818
0.597128
0.800462
0.728951
0.623962
0.67979
0.802689
0.660144
0.542156
0.580073
0.643589
0.807519
0.613608
0.558766
0.510175
0.621106
0.695845
0.558993
0.646531
0.84934
0.673597
0.492476
0.754825
0.608561
0.562922
0.680568
0.580255
0.677568
0.705677
0.58008
0.687701
0.551486
0.616918
0.541137
0.790649
0.542944
0.750097
0.662049
0.570615
0.73762
0.586161
0.586946
0.668134
0.780295
0.829932
0.622129
0.521818
0.672391
0.516601
0.549207
0.630642
0.747419
0.674873
0.580564
0.830496
0.66329
0.678323
0.621212
0.721965
0.599198
0.566748
0.612457
0.598514
0.715394
0.544043
0.643316
0.727951
0.578641
0.546385
0.683913
0.698109
0.690372
0.666918
0.780144
0.679505
0.62624
0.698663
0.77399
0.718819
0.649491
0.650602
0.666691
0.730924
0.770738
