0.639044
0.00633736
0.452611
0.558096
0.516887
0.605135
0.649219
0.573559
0.605417
0.587993
0.602394
0.633686
0.51963
0.610873
0.689238
0.670884
0.544535
0.630951
0.815
0.709321
0.769627
0.755337
0.709523
0.54292
0.642615
0.625821
0.677026
0.656358
0.778217
0.564389
0.634236
0.711163
0.597087
0.662762
0.638078
0.632484
0.601165
0.658665
0.659095
0.741974
0.66634
0.699203
0.673396
0.727559
0.720467
0.780642
0.703646
0.814345
0.685344
0.634844
0.567021
0.744905
0.668371
0.650597
0.567182
0.649637
0.543205
0.668873
0.715288
0.430606
0.612372
0.611866
0.603491
0.64817
0.78984
0.544415
0.438979
0.659391
0.593714
0.69616
0.671564
0.603674
0.75922
0.729654
0.618175
0.652271
0.526924
0.757106
0.547915
0.600977
0.611042
0.689682
0.675813
0.619611
0.684193
0.667569
0.668417
0.493036
0.574894
0.607141
0.715045
0.533234
0.666767
0.748931
0.515271
0.544623
0.70388
0.56313
0.621682
0.560703
0.654016
0.574418
