0.628887
0.00851424
0.572986
0.86253
0.502733
0.722698
0.653031
0.609995
0.650753
0.689203
0.536455
0.580538
0.703606
0.654361
0.669833
0.599026
0.5247
0.664394
0.739099
0.499654
0.658101
0.640681
0.664266
0.681179
0.767045
0.603719
0.52366
0.687073
0.734559
0.6537
0.743477
0.646377
0.63147
0.588971
0.408321
0.699507
0.494148
0.562396
0.609061
0.703589
0.579531
0.559773
0.490313
0.675889
0.655771
0.601476
0.545469
0.686873
0.709967
0.629922
0.510832
0.626833
0.535597
0.553128
0.680684
0.617247
0.6793
0.341214
0.569104
0.64791
0.63983
0.6608
0.681583
0.501845
0.744925
0.595825
0.674111
0.741363
0.608179
0.686752
0.800318
0.623226
0.490582
0.658656
0.706776
0.74325
0.757682
0.750432
0.493731
0.569934
0.618544
0.509123
0.693457
0.524405
0.76533
0.488573
0.525096
0.676805
0.777019
0.653408
0.606002
0.523705
0.679628
0.648875
0.462681
0.566861
0.653486
0.493844
0.79925
0.70559
0.727307
0.62624
