0.656575
0.00587668
0.708276
0.678957
0.657198
0.596958
0.803545
0.581222
0.588443
0.551292
0.503686
0.49792
0.611365
0.654194
0.66154
0.67137
0.693562
0.48772
0.72909
0.660804
0.587295
0.580043
0.702925
0.724929
0.534043
0.688984
0.729594
0.733295
0.704148
0.559163
0.724134
0.690182
0.808264
0.630682
0.628753
0.620637
0.658276
0.646087
0.792097
0.597981
0.640561
0.667609
0.581142
0.631252
0.589538
0.579276
0.802514
0.670252
0.826677
0.665941
0.535375
0.731887
0.725903
0.604255
0.611278
0.707687
0.777104
0.691559
0.750863
0.671399
0.635915
0.712733
0.760411
0.638549
0.700983
0.622318
0.624087
0.621875
0.66103
0.527877
0.639984
0.725375
0.505203
0.544512
0.729646
0.64029
0.756288
0.670292
0.773347
0.638524
0.740573
0.588675
0.586262
0.686354
0.582649
0.589099
0.624411
0.74191
0.702865
0.626052
0.57859
0.506578
0.70076
0.790462
0.590026
0.717427
0.733427
0.64266
0.678882
0.644946
0.729259
0.605639
