0.652503
0.00706969
0.649535
0.561307
0.803257
0.753613
0.82596
0.659967
0.462151
0.669436
0.726719
0.597828
0.711347
0.771095
0.709639
0.814241
0.704526
0.594099
0.513351
0.686306
0.668503
0.687613
0.710385
0.644781
0.604866
0.752314
0.620398
0.6347
0.738137
0.635075
0.634913
0.543269
0.67087
0.565727
0.601799
0.720712
0.606399
0.672561
0.557108
0.701302
0.636839
0.772779
0.588806
0.676604
0.661061
0.59374
0.635104
0.63721
0.748637
0.631198
0.530262
0.731927
0.707481
0.615458
0.707655
0.579608
0.677972
0.536502
0.648187
0.767068
0.55924
0.647441
0.734125
0.671069
0.714936
0.724715
0.557056
0.714899
0.731653
0.703849
0.49259
0.771536
0.801724
0.657391
0.477995
0.731394
0.467132
0.629302
0.749688
0.764151
0.676599
0.54592
0.672616
0.562665
0.593342
0.609191
0.433054
0.612762
0.676207
0.536929
0.636839
0.606823
0.746587
0.692448
0.538123
0.632924
0.740986
0.655472
0.489998
0.705207
0.649149
0.664628
