0.658538
0.00646448
0.660736
0.539774
0.539031
0.701436
0.680135
0.533229
0.660257
0.755097
0.745675
0.630542
0.56871
0.618029
0.64288
0.781543
0.766696
0.615295
0.6398
0.640087
0.550871
0.68074
0.737865
0.702719
0.725731
0.738955
0.669465
0.360866
0.619649
0.546458
0.512701
0.47483
0.67426
0.723384
0.656344
0.445802
0.846012
0.574497
0.752354
0.653628
0.76558
0.677446
0.620995
0.632479
0.781566
0.659986
0.752453
0.704356
0.598405
0.761094
0.732609
0.66297
0.50672
0.698385
0.723703
0.617031
0.640465
0.619222
0.73137
0.734823
0.717967
0.677306
0.647983
0.619885
0.708406
0.568625
0.640278
0.669014
0.615446
0.788976
0.629693
0.685764
0.505118
0.745924
0.614679
0.610979
0.636035
0.687621
0.587554
0.720431
0.649734
0.792278
0.677465
0.636016
0.681776
0.584016
0.698604
0.743356
0.698894
0.710488
0.634877
0.653429
0.614132
0.741278
0.69649
0.606646
0.63421
0.586939
0.623457
0.728736
0.718332
0.677215
