0.455198
0.00549815
0.576326
0.455299
0.42266
0.471102
0.473587
0.334288
0.492587
0.361674
0.53933
0.608193
0.477661
0.545983
0.398123
0.508325
0.306512
0.526201
0.446937
0.483531
0.423654
0.445292
0.532415
0.591075
0.235484
0.443507
0.355519
0.565113
0.397597
0.449679
0.54129
0.521932
0.367868
0.480125
0.374542
0.54876
0.399552
0.418309
0.569741
0.434036
0.591321
0.325773
0.494627
0.452733
0.451993
0.306873
0.547731
0.545759
0.486108
0.516424
0.477854
0.437967
0.530753
0.402875
0.412941
0.58116
0.434852
0.496432
0.386233
0.390595
0.505479
0.421443
0.433179
0.55874
0.408972
0.36138
0.516719
0.452519
0.343207
0.363722
0.419682
0.494189
0.341842
0.42846
0.388182
0.446318
0.387623
0.440344
0.486655
0.417111
0.398186
0.448552
0.534701
0.440731
0.458925
0.535328
0.480943
0.505408
0.327283
0.52746
0.426095
0.587639
0.408128
0.514273
0.464224
0.404377
0.39616
0.395016
0.397198
0.535861
0.439688
0.483012
