0.634557
0.00644937
0.628167
0.754283
0.500826
0.582026
0.52787
0.718167
0.560517
0.639146
0.859491
0.548573
0.706601
0.480595
0.528908
0.609832
0.514913
0.757523
0.671326
0.598066
0.728172
0.612542
0.669773
0.617896
0.52241
0.672259
0.563458
0.533729
0.484913
0.706337
0.543875
0.701727
0.651585
0.640108
0.662026
0.562825
0.533738
0.554089
0.504523
0.439424
0.648082
0.663785
0.665623
0.614389
0.613365
0.627286
0.505389
0.713085
0.6103
0.591118
0.662845
0.645849
0.623906
0.81574
0.500455
0.743611
0.641986
0.576892
0.572694
0.626021
0.711059
0.755625
0.712083
0.613212
0.796727
0.606562
0.569809
0.520333
0.659045
0.597002
0.664611
0.621095
0.544865
0.721184
0.689799
0.691089
0.646925
0.542394
0.690507
0.629851
0.660939
0.649101
0.68426
0.723389
0.746418
0.625903
0.800964
0.604373
0.616486
0.72547
0.664297
0.623274
0.760505
0.635668
0.682227
0.625444
0.646898
0.632679
0.59722
0.619962
0.682847
0.708899
