0.688178
0.00609563
0.63595
0.566019
0.726444
0.772613
0.626481
0.784859
0.864328
0.781311
0.71559
0.691845
0.761613
0.667637
0.783231
0.666318
0.735889
0.759189
0.590642
0.6285
0.653849
0.700486
0.628542
0.772524
0.665009
0.792521
0.60421
0.739654
0.742807
0.699922
0.758559
0.715948
0.737745
0.719429
0.724413
0.721059
0.729135
0.769191
0.534248
0.719318
0.723285
0.744365
0.73246
0.794569
0.702931
0.528911
0.610608
0.636873
0.62167
0.696811
0.672819
0.770349
0.743538
0.581826
0.739727
0.576708
0.500554
0.633693
0.651495
0.67534
0.667175
0.767858
0.829528
0.588035
0.580358
0.695149
0.678913
0.552184
0.602328
0.74726
0.678321
0.566326
0.811629
0.712087
0.478486
0.640941
0.741125
0.66854
0.719668
0.769915
0.652871
0.636783
0.756627
0.799446
0.677436
0.692622
0.810342
0.683017
0.685347
0.722474
0.64784
0.816071
0.688253
0.516917
0.661731
0.740448
0.596776
0.686075
0.616436
0.705898
0.724078
0.578948
