0.407732
0.00536458
0.457656
0.368781
0.530128
0.457693
0.448901
0.35375
0.523424
0.449106
0.435988
0.434833
0.503029
0.35754
0.304361
0.423769
0.353602
0.333927
0.490724
0.261951
0.314674
0.37153
0.461389
0.454733
0.277653
0.497562
0.49471
0.367462
0.362377
0.373656
0.424868
0.304686
0.430542
0.31953
0.261927
0.354986
0.496054
0.497455
0.3767
0.34151
0.479967
0.393326
0.414389
0.40341
0.523519
0.453005
0.366696
0.465592
0.365278
0.374137
0.416998
0.294221
0.55958
0.352616
0.472014
0.461819
0.323906
0.387082
0.353439
0.431326
0.418434
0.425104
0.450477
0.469576
0.507616
0.484115
0.383955
0.423934
0.343245
0.533172
0.419844
0.430089
0.459655
0.314384
0.517582
0.385057
0.522422
0.463443
0.427121
0.455229
0.307257
0.609207
0.373283
0.380531
0.323582
0.273467
0.475743
0.43183
0.285997
0.33878
0.352047
0.343156
0.338148
0.379958
0.499608
0.442135
0.385554
0.308215
0.428319
0.419899
0.335255
0.341266
