0.497558
0.00771101
0.427583
0.468977
0.647641
0.582514
0.442712
0.588568
0.571628
0.535526
0.500406
0.534148
0.512172
0.513554
0.496057
0.52625
0.333321
0.389637
0.46058
0.670528
0.523922
0.609458
0.576884
0.526964
0.418229
0.476819
0.531674
0.569068
0.524629
0.533839
0.558818
0.652436
0.551129
0.464668
0.570038
0.438483
0.493957
0.629615
0.520981
0.434194
0.64128
0.432344
0.420707
0.474097
0.517158
0.504984
0.425899
0.523321
0.381592
0.64301
0.524413
0.590731
0.386215
0.581283
0.40124
0.510571
0.439028
0.567401
0.360189
0.49863
0.409877
0.33601
0.475446
0.621104
0.624307
0.603056
0.550047
0.644439
0.323627
0.504326
0.433363
0.471361
0.518231
0.468825
0.451162
0.502495
0.400266
0.566434
0.420415
0.523333
0.553823
0.430851
0.416299
0.450844
0.489639
0.341986
0.447273
0.268359
0.560911
0.646665
0.431979
0.676104
0.49821
0.549497
0.30871
0.606188
0.533321
0.415316
0.402016
0.369948
0.42637
0.451686
