0.476506
0.00680962
0.45191
0.47962
0.5382
0.478712
0.606832
0.341271
0.641064
0.49555
0.380656
0.43849
0.366752
0.496047
0.482665
0.411047
0.483519
0.431203
0.606441
0.500156
0.38276
0.416149
0.308318
0.523359
0.395339
0.425644
0.469187
0.319885
0.388479
0.490771
0.509977
0.607017
0.511115
0.453557
0.394014
0.392846
0.586514
0.457644
0.605649
0.431335
0.44559
0.365825
0.478146
0.609476
0.376644
0.458451
0.575175
0.446274
0.505842
0.478799
0.431589
0.501734
0.357372
0.420389
0.706328
0.431403
0.364476
0.400547
0.422493
0.604823
0.415762
0.66734
0.361618
0.560115
0.418734
0.532589
0.474465
0.418326
0.420969
0.554859
0.570684
0.503085
0.484387
0.448467
0.494241
0.44358
0.475892
0.625139
0.427075
0.414783
0.538002
0.401491
0.42359
0.605932
0.55108
0.591672
0.473521
0.512146
0.55458
0.612875
0.45646
0.503259
0.547361
0.511896
0.555512
0.471474
0.428507
0.408184
0.495217
0.310179
0.385106
0.519413
