0.353332
0.000351648
0.381148
0.374927
0.380702
0.35986
0.371429
0.369895
0.350292
0.361144
0.367133
0.371645
0.35222
0.352975
0.369464
0.339359
0.339546
0.340909
0.333722
0.36591
0.363002
0.365967
0.333333
0.356308
0.366394
0.355309
0.35881
0.341335
0.334311
0.362412
0.352459
0.337427
0.339181
0.338192
0.334889
0.340736
0.372297
0.376388
0.366238
0.354971
0.376098
0.360819
0.372147
0.353801
0.354971
0.346401
0.363318
0.373536
0.353559
0.378013
0.360492
0.369807
0.386589
0.37748
0.365015
0.371645
0.340922
0.335277
0.352014
0.334889
0.349679
0.35848
0.352632
0.345412
0.346628
0.323374
0.347979
0.35618
0.376023
0.385246
0.372583
0.367621
0.389116
0.376098
0.380645
0.393087
0.321617
0.328647
0.344646
0.338218
0.336262
0.312427
0.314151
0.319461
0.3226
0.346784
0.334699
0.339965
0.376313
0.344425
0.355932
0.355932
0.324372
0.305361
0.328855
0.326531
0.365598
0.339171
0.349447
0.331385
0.349883
0.340723
