0.546201
0.00579375
0.591318
0.443533
0.48366
0.53233
0.633941
0.719943
0.65112
0.630783
0.485295
0.495781
0.547441
0.421422
0.563011
0.447545
0.519516
0.432835
0.475474
0.679503
0.469908
0.454437
0.549108
0.440901
0.667547
0.471078
0.517274
0.626106
0.5908
0.647108
0.489172
0.515429
0.538007
0.633049
0.49392
0.559651
0.538502
0.714974
0.503464
0.551056
0.587635
0.592497
0.560806
0.74326
0.38355
0.491872
0.461457
0.379132
0.628255
0.618424
0.498321
0.498779
0.6695
0.576439
0.404269
0.463917
0.560908
0.505002
0.602288
0.559816
0.522847
0.571979
0.471646
0.473839
0.544507
0.476491
0.497243
0.529889
0.521085
0.587488
0.482238
0.511615
0.58199
0.53345
0.667662
0.711281
0.499207
0.595627
0.523602
0.512245
0.548719
0.557245
0.68758
0.502155
0.537253
0.522964
0.587708
0.478698
0.577214
0.527892
0.652285
0.457951
0.563776
0.528469
0.619568
0.594365
0.656432
0.569776
0.518356
0.545517
0.467927
0.590241
