0.531332
0.000830266
0.535326
0.4875
0.478804
0.497826
0.521739
0.472283
0.494022
0.53587
0.556522
0.506522
0.503261
0.529348
0.549457
0.549457
0.503261
0.525543
0.521196
0.565761
0.566848
0.544022
0.545109
0.495652
0.514674
0.571739
0.538043
0.567935
0.524457
0.530978
0.5625
0.490217
0.541304
0.50163
0.525543
0.565217
0.497283
0.527717
0.507609
0.553261
0.509783
0.495109
0.520652
0.533152
0.509239
0.467391
0.543478
0.522826
0.5125
0.513587
0.544565
0.566848
0.529348
0.506522
0.493478
0.525543
0.552717
0.517935
0.54837
0.544565
0.533696
0.54837
0.530978
0.608696
0.580435
0.540217
0.566304
0.558152
0.553261
0.529891
0.559239
0.557065
0.574457
0.488043
0.545109
0.56087
0.529348
0.559783
0.557065
0.566848
0.53913
0.568478
0.528261
0.477717
0.516848
0.540761
0.457609
0.520109
0.536957
0.530978
0.547826
0.504891
0.549457
0.563587
0.517935
0.545652
0.447283
0.55163
0.535326
0.525
0.563043
0.553804
