0.689709
0.00780994
0.635021
0.584252
0.605222
0.718502
0.61822
0.674873
0.65525
0.668215
0.546436
0.77038
0.549165
0.789026
0.714431
0.806799
0.57195
0.638361
0.616849
0.730962
0.602299
0.714571
0.741559
0.646469
0.579045
0.629844
0.554845
0.737196
0.630191
0.717453
0.818194
0.769979
0.627366
0.83796
0.69376
0.802387
0.654392
0.785092
0.607484
0.74717
0.805042
0.72459
0.633698
0.573795
0.808804
0.505243
0.741427
0.708431
0.756049
0.78541
0.68121
0.606693
0.638361
0.650977
0.785922
0.785938
0.676071
0.738309
0.648038
0.552231
0.742628
0.675896
0.712257
0.755667
0.76162
0.686299
0.677991
0.898059
0.644549
0.688319
0.725033
0.624891
0.753755
0.754726
0.586212
0.884767
0.84833
0.811858
0.628281
0.619215
0.750675
0.67009
0.50446
0.747497
0.726852
0.61421
0.634498
0.691094
0.640885
0.713687
0.805347
0.568976
0.619658
0.779281
0.876012
0.582747
0.70409
0.677917
0.778568
0.744448
0.531406
0.530771
