0.146267
0.000308889
0.155413
0.168899
0.134962
0.140698
0.121371
0.145676
0.135889
0.14427
0.133721
0.154651
0.145688
0.171512
0.178696
0.161422
0.153667
0.153488
0.151744
0.139196
0.130384
0.143605
0.12297
0.140616
0.113175
0.138631
0.138335
0.142437
0.141343
0.133687
0.154071
0.163372
0.162005
0.15676
0.169679
0.168023
0.181501
0.196283
0.173913
0.156214
0.148664
0.163467
0.154651
0.172616
0.142523
0.167349
0.158202
0.177429
0.175102
0.175581
0.169482
0.123977
0.139019
0.11806
0.123464
0.133684
0.152681
0.13777
0.145688
0.123471
0.134772
0.137609
0.132054
0.142774
0.136549
0.145518
0.136232
0.135308
0.14627
0.140944
0.150087
0.15206
0.146185
0.152225
0.149533
0.149123
0.151251
0.156304
0.144515
0.156214
0.16007
0.175479
0.163953
0.150494
0.140209
0.1274
0.12239
0.137551
0.117374
0.102668
0.124927
0.113755
0.12007
0.145845
0.111628
0.123837
0.126163
0.145349
0.16114
0.150581
0.153712
0.135731
