0.759516
0.00596623
0.8115
0.711774
0.718432
0.657446
0.745986
0.710382
0.68892
0.698137
0.912906
0.869715
0.712523
0.696113
0.707214
0.835512
0.799849
0.779623
0.810002
0.713104
0.828681
0.738934
0.723639
0.749646
0.836089
0.818859
0.699715
0.582278
0.834476
0.748529
0.804618
0.762582
0.746783
0.716059
0.805823
0.625193
0.83892
0.823823
0.750809
0.77025
0.73029
0.603474
0.674545
0.797122
0.764882
0.84783
0.708014
0.693056
0.838866
0.730672
0.766141
0.751602
0.727814
0.818335
0.863616
0.851274
0.795238
0.794665
0.635802
0.75862
0.7948
0.732026
0.762521
0.783283
0.852698
0.822371
0.689358
0.69458
0.817264
0.793802
0.745958
0.784549
0.65417
0.71945
0.723351
0.856837
0.762632
0.845229
0.700648
0.603497
0.733477
0.902005
0.929743
0.826576
0.700095
0.748632
0.598675
0.54421
0.865453
0.796354
0.735536
0.787701
0.856821
0.775868
0.641821
0.591873
0.910998
0.8578
0.736149
0.797418
0.731609
0.807049
