0.530703
0.00316873
0.349315
0.552632
0.464286
0.458065
0.419847
0.493421
0.496599
0.483871
0.506944
0.465278
0.479452
0.496504
0.454545
0.572414
0.529801
0.614815
0.584507
0.518797
0.621429
0.536765
0.541667
0.58156
0.604027
0.577465
0.630872
0.513333
0.626667
0.546763
0.576389
0.533784
0.534247
0.609929
0.5625
0.546667
0.537415
0.582192
0.496599
0.55102
0.566667
0.5625
0.618705
0.594406
0.534722
0.578231
0.618705
0.528169
0.543624
0.389937
0.510791
0.493333
0.584507
0.533835
0.521739
0.517241
0.437086
0.565217
0.44
0.564286
0.526316
0.534722
0.492857
0.534722
0.46
0.557143
0.545455
0.617021
0.514286
0.528302
0.528571
0.517986
0.496689
0.534247
0.524138
0.538462
0.532374
0.496599
0.516779
0.472222
0.530201
0.452055
0.538961
0.524476
0.561151
0.56962
0.54
0.524476
0.439189
0.411392
0.480769
0.475862
0.42446
0.634615
0.635036
0.531646
0.638158
0.492857
0.56338
0.581699
0.573333
0.522013
