0.289713
0.00418538
0.301448
0.179766
0.297443
0.2925
0.268479
0.292156
0.249293
0.293981
0.398274
0.255559
0.226707
0.209365
0.380837
0.278212
0.260227
0.274193
0.192493
0.246464
0.284116
0.228988
0.265962
0.362339
0.16013
0.417858
0.225024
0.194712
0.290047
0.19408
0.380835
0.252165
0.234056
0.294064
0.367491
0.309868
0.328243
0.27812
0.302917
0.362792
0.328476
0.417127
0.231212
0.381505
0.285602
0.348854
0.324877
0.288545
0.302219
0.284444
0.148453
0.216904
0.249351
0.275193
0.374498
0.318196
0.334929
0.256736
0.250623
0.279005
0.202971
0.294958
0.27503
0.445705
0.341887
0.193837
0.358023
0.301849
0.282672
0.260413
0.213061
0.252611
0.228281
0.234741
0.156014
0.289658
0.393632
0.236351
0.348352
0.268059
0.24729
0.373042
0.389811
0.423505
0.205069
0.310557
0.282929
0.342115
0.408071
0.202422
0.34991
0.262078
0.28697
0.293332
0.351554
0.298793
0.28983
0.362616
0.340859
0.356259
0.219382
0.268839
