0.302289
0.00387045
0.383319
0.332214
0.208302
0.265953
0.17358
0.293908
0.276351
0.416594
0.286741
0.253484
0.311519
0.211885
0.365542
0.330321
0.367431
0.216349
0.274052
0.336252
0.333024
0.273134
0.217733
0.299217
0.248589
0.408543
0.445429
0.299056
0.318972
0.28871
0.364021
0.334299
0.282139
0.276295
0.2523
0.370642
0.264804
0.347795
0.323507
0.386306
0.334417
0.358153
0.365042
0.282245
0.287184
0.38108
0.416434
0.355634
0.16688
0.339747
0.211571
0.328285
0.320606
0.271873
0.241252
0.380323
0.264205
0.453101
0.400656
0.398266
0.398585
0.257314
0.242653
0.326865
0.273217
0.193762
0.376998
0.301726
0.273226
0.280299
0.249611
0.307224
0.244568
0.326557
0.416123
0.266984
0.275813
0.203087
0.278979
0.310278
0.286019
0.202995
0.319826
0.213158
0.253094
0.27317
0.293698
0.216266
0.213198
0.340623
0.341094
0.298951
0.250868
0.343776
0.299925
0.254554
0.299106
0.273495
0.256283
0.26205
0.389526
0.348102
