0.389246
0.00509345
0.385998
0.271814
0.486991
0.378722
0.39487
0.484835
0.342342
0.360304
0.427962
0.481776
0.342825
0.484745
0.295184
0.28634
0.409983
0.37247
0.389646
0.559432
0.470905
0.411958
0.487568
0.409833
0.391639
0.325014
0.448868
0.407729
0.438595
0.274712
0.466425
0.36103
0.349941
0.297689
0.312335
0.56004
0.391304
0.366345
0.443977
0.415299
0.523062
0.332889
0.244073
0.388269
0.422201
0.280618
0.298269
0.429971
0.441983
0.494503
0.345559
0.274634
0.457868
0.49816
0.368391
0.387849
0.391995
0.355283
0.500667
0.400543
0.317094
0.452594
0.311495
0.314078
0.49317
0.340771
0.354073
0.349347
0.456281
0.344059
0.356267
0.360557
0.434894
0.402616
0.344281
0.435158
0.438958
0.422563
0.355651
0.496127
0.404842
0.452741
0.343101
0.372205
0.408104
0.487627
0.381363
0.276731
0.480333
0.38997
0.3153
0.429227
0.321328
0.284997
0.273896
0.325503
0.413922
0.494713
0.344938
0.272203
0.335264
0.312019
