0.526221
0.00851181
0.458429
0.6518
0.575573
0.656349
0.578529
0.674099
0.453502
0.545693
0.631521
0.592042
0.47862
0.756677
0.664245
0.482127
0.389198
0.589991
0.591429
0.623632
0.67295
0.56142
0.530247
0.649083
0.423474
0.302523
0.460649
0.4453
0.654509
0.584979
0.578498
0.493639
0.428531
0.632797
0.536526
0.517195
0.523983
0.730229
0.551674
0.525714
0.645234
0.493776
0.40051
0.499587
0.459396
0.63903
0.519616
0.440188
0.624477
0.607616
0.562866
0.482557
0.527667
0.723991
0.555158
0.340997
0.461686
0.520516
0.624838
0.383906
0.489563
0.518694
0.446707
0.467543
0.470387
0.512236
0.504825
0.374509
0.357366
0.365934
0.506911
0.429325
0.586634
0.628266
0.571661
0.389432
0.55667
0.311634
0.573755
0.421318
0.554307
0.494776
0.614835
0.493804
0.51224
0.389464
0.543524
0.529076
0.479576
0.516323
0.472339
0.561578
0.609814
0.498901
0.479578
0.581
0.500422
0.500198
0.644083
0.502113
0.523722
0.426054
