0.536084
0.00658397
0.486094
0.510884
0.506359
0.453274
0.5887
0.651363
0.566003
0.499844
0.554311
0.525036
0.607839
0.428561
0.534241
0.623877
0.670997
0.580283
0.564663
0.568632
0.473304
0.561245
0.577002
0.58274
0.541995
0.513986
0.523151
0.557179
0.587009
0.446859
0.501802
0.630229
0.4945
0.528191
0.563854
0.468799
0.67112
0.487252
0.642412
0.691108
0.436507
0.664681
0.44399
0.601958
0.599462
0.572144
0.558455
0.373707
0.423049
0.636875
0.744352
0.550573
0.432347
0.528398
0.49833
0.649404
0.586753
0.596847
0.540776
0.526587
0.461825
0.536175
0.419264
0.442561
0.58901
0.597648
0.496828
0.555191
0.436943
0.42947
0.471955
0.419896
0.424382
0.527936
0.593003
0.479432
0.653557
0.513045
0.466932
0.302637
0.609326
0.558648
0.649047
0.635325
0.60421
0.646116
0.570983
0.686172
0.545266
0.420359
0.514363
0.438005
0.544665
0.551646
0.478724
0.506934
0.482734
0.546911
0.401444
0.433054
0.624637
0.412201
