0.129951
0.00142948
0.0966684
0.167045
0.0969358
0.084533
0.144924
0.150826
0.0948993
0.143398
0.1598
0.176431
0.107778
0.166399
0.131906
0.152764
0.122071
0.17546
0.112667
0.125062
0.0992431
0.122988
0.176943
0.118988
0.0897795
0.151583
0.123896
0.160031
0.135385
0.1208
0.0965052
0.111913
0.162243
0.150616
0.187793
0.0795503
0.143714
0.106589
0.0737882
0.181733
0.105868
0.139326
0.0948698
0.190622
0.144238
0.118564
0.129236
0.1177
0.0619062
0.125575
0.127578
0.105134
0.0811441
0.172738
0.127458
0.0950052
0.131595
0.147771
0.207214
0.136599
0.0797691
0.182752
0.216045
0.0767153
0.128161
0.153172
0.238307
0.0847083
0.0820278
0.0908264
0.0971094
0.0590486
0.137259
0.192939
0.0608368
0.137764
0.171219
0.148842
0.103661
0.0888021
0.10249
0.096191
0.0764306
0.127279
0.122997
0.072441
0.10791
0.132799
0.16642
0.115497
0.198847
0.118964
0.110066
0.157655
0.146521
0.119637
0.10549
0.214299
0.16001
0.113561
0.145562
0.190302
