0.253592
0.00341997
0.165922
0.20283
0.174297
0.282644
0.307406
0.226278
0.293545
0.238733
0.226464
0.192785
0.229748
0.209972
0.223663
0.267325
0.270547
0.272207
0.104097
0.209689
0.327245
0.107017
0.317377
0.226168
0.324882
0.239293
0.299852
0.256311
0.301337
0.287854
0.138155
0.357722
0.257467
0.314679
0.263635
0.304415
0.288799
0.330023
0.217771
0.238283
0.367146
0.240462
0.218316
0.236099
0.15329
0.202038
0.30595
0.229337
0.184762
0.287635
0.302262
0.150498
0.316269
0.219302
0.339102
0.296038
0.189068
0.314089
0.25626
0.192165
0.207507
0.220307
0.361764
0.217941
0.255479
0.24908
0.297375
0.274503
0.196066
0.278219
0.264753
0.208783
0.160894
0.259115
0.236833
0.190451
0.259082
0.290602
0.376679
0.187851
0.258474
0.408825
0.307398
0.190418
0.247146
0.339352
0.322799
0.213556
0.27087
0.319618
0.269476
0.287707
0.262422
0.228564
0.346661
0.243281
0.195835
0.240665
0.218698
0.237069
0.184266
0.276255
