0.407617
0.00760128
0.381589
0.454583
0.387241
0.342208
0.303411
0.497073
0.352356
0.322278
0.288005
0.426788
0.574003
0.414903
0.375333
0.598455
0.367432
0.452347
0.255748
0.45813
0.288007
0.478483
0.355391
0.512302
0.44908
0.406448
0.38074
0.401075
0.297099
0.33691
0.375229
0.450889
0.407767
0.500354
0.413113
0.421363
0.406361
0.388245
0.218609
0.517602
0.278701
0.364941
0.422483
0.340493
0.415602
0.379208
0.421113
0.46629
0.413172
0.349559
0.428217
0.221026
0.262177
0.455165
0.341807
0.38897
0.238497
0.398821
0.466917
0.486585
0.372873
0.406394
0.487078
0.684609
0.306193
0.419882
0.407743
0.309153
0.276035
0.357352
0.488292
0.34753
0.404345
0.318142
0.352877
0.609102
0.528278
0.303743
0.500832
0.532934
0.361217
0.474085
0.460557
0.476422
0.458825
0.44851
0.457774
0.381075
0.466401
0.30067
0.495061
0.405102
0.640283
0.34197
0.571797
0.363151
0.396464
0.439335
0.412717
0.388503
0.404234
0.407458
