0.507271
0.00778642
0.506194
0.450455
0.577712
0.548163
0.430917
0.667387
0.618813
0.512019
0.524852
0.475116
0.634035
0.368266
0.555781
0.450156
0.507451
0.424951
0.450328
0.544767
0.388599
0.463774
0.49251
0.480536
0.496998
0.484109
0.561736
0.727248
0.495792
0.607269
0.614899
0.390767
0.494425
0.488017
0.574076
0.377267
0.540224
0.592618
0.469248
0.437826
0.495394
0.411359
0.652931
0.478797
0.524321
0.687139
0.518177
0.59288
0.453929
0.28166
0.701422
0.423684
0.43062
0.439538
0.550007
0.522939
0.638111
0.445031
0.439653
0.531972
0.547741
0.514219
0.376882
0.340217
0.716316
0.574701
0.446477
0.531875
0.477337
0.401524
0.578073
0.408352
0.555005
0.424898
0.496488
0.523681
0.512425
0.467613
0.552427
0.521078
0.306069
0.474238
0.440698
0.589328
0.524608
0.439009
0.492828
0.517648
0.473191
0.530311
0.646875
0.492474
0.538906
0.433858
0.665547
0.362163
0.410979
0.66013
0.612431
0.537847
0.531415
0.434342
