0.200487
0.00245289
0.169868
0.137036
0.127901
0.200207
0.137889
0.242873
0.0916597
0.261847
0.154667
0.169613
0.19512
0.199821
0.196361
0.239155
0.217307
0.286595
0.215792
0.161627
0.114002
0.126604
0.262019
0.247523
0.165738
0.225519
0.0832604
0.210887
0.210606
0.201955
0.233082
0.160849
0.201123
0.224186
0.193922
0.135417
0.231427
0.176045
0.179403
0.159911
0.241837
0.213977
0.196877
0.268915
0.223694
0.226538
0.218559
0.255628
0.229984
0.193326
0.191498
0.207707
0.223714
0.249149
0.276587
0.209063
0.175457
0.205326
0.158743
0.218182
0.173116
0.310877
0.313208
0.179847
0.250108
0.134208
0.225472
0.173793
0.162622
0.186092
0.148502
0.204229
0.114233
0.208842
0.202333
0.238503
0.207705
0.315017
0.133391
0.217125
0.230852
0.250167
0.186293
0.203014
0.185795
0.208127
0.168278
0.133687
0.208993
0.113918
0.187618
0.267108
0.178932
0.20126
0.312821
0.179596
0.13084
0.284771
0.122285
0.137688
0.261304
0.262545
