0.65309
0.00788743
0.662656
0.654418
0.500342
0.736851
0.743321
0.711222
0.635727
0.591457
0.722292
0.767396
0.60237
0.44805
0.598144
0.613181
0.65058
0.571387
0.883366
0.684674
0.597997
0.728618
0.663993
0.494144
0.608637
0.65984
0.557344
0.745703
0.652562
0.545979
0.627542
0.626201
0.701127
0.5915
0.595918
0.609875
0.628674
0.672569
0.643877
0.737071
0.499545
0.670359
0.728545
0.679505
0.621944
0.738413
0.658819
0.655328
0.713071
0.599823
0.641307
0.603174
0.826227
0.693891
0.576946
0.680243
0.603028
0.65953
0.728721
0.82317
0.560425
0.662795
0.554043
0.496762
0.663203
0.549686
0.64245
0.759064
0.705762
0.638344
0.474668
0.644087
0.586396
0.660201
0.74455
0.854174
0.6053
0.527375
0.707179
0.614517
0.875222
0.741788
0.684049
0.676458
0.64828
0.720113
0.801332
0.798096
0.658809
0.586052
0.707653
0.711005
0.731378
0.784792
0.663189
0.530189
0.518052
0.496436
0.563523
0.750502
0.553344
0.589583
