0.810576
0.00518953
0.747993
0.820108
0.868838
0.84926
0.862325
0.814236
0.848929
0.788097
0.825403
0.799743
0.846142
0.736509
0.79201
0.788212
0.91701
0.783005
0.845849
0.762177
0.837533
0.698465
0.740549
0.912924
0.794721
0.666766
0.874561
0.819663
0.766957
0.946608
0.836373
0.728788
0.900752
0.8167
0.782559
0.794281
0.903115
0.891253
0.769288
0.733955
0.649687
0.689035
0.834898
0.657877
0.736524
0.786674
0.678908
0.975543
0.803731
0.892358
0.898215
0.850019
0.814715
0.819688
0.743786
0.875363
0.846792
0.875345
0.772464
0.818108
0.888128
0.795708
0.805557
0.733641
0.765575
0.856438
0.883028
0.831519
0.833764
0.847266
0.691957
0.752837
0.948267
0.697264
0.903304
0.779837
0.840887
0.78503
0.927113
0.663127
0.791297
0.804736
0.895844
0.828085
0.794104
0.857962
0.931363
0.841529
0.894503
0.680873
0.853571
0.67513
0.799727
0.838271
0.71709
0.808115
0.913062
0.745052
0.789458
0.84703
0.845102
0.744045
