0.165944
0.00262302
0.198444
0.137283
0.277512
0.106561
0.236917
0.218066
0.133017
0.138021
0.0991632
0.2112
0.194976
0.156931
0.156517
0.195396
0.206071
0.158993
0.112089
0.14847
0.163049
0.146264
0.121083
0.13175
0.0985069
0.172786
0.194929
0.209134
0.258884
0.1232
0.262726
0.145108
0.226795
0.0885052
0.168783
0.102816
0.225595
0.169979
0.0796892
0.204431
0.107401
0.311962
0.168599
0.164894
0.235785
0.190748
0.138399
0.166208
0.157656
0.0748333
0.219155
0.100913
0.159531
0.13949
0.150306
0.141366
0.192023
0.146672
0.125566
0.15004
0.156
0.282618
0.164332
0.194205
0.256729
0.125491
0.12096
0.185363
0.249187
0.135056
0.178576
0.130328
0.124146
0.103686
0.13692
0.135411
0.171144
0.17521
0.191441
0.177342
0.167967
0.106387
0.296405
0.278347
0.172095
0.122644
0.170505
0.211023
0.0949566
0.166741
0.174347
0.0917118
0.252719
0.123684
0.121484
0.197806
0.139023
0.127743
0.10551
0.119064
0.188589
0.150285
