0.295389
0.00377569
0.253745
0.187398
0.235097
0.269705
0.26687
0.174365
0.40292
0.237733
0.260306
0.317721
0.303594
0.324469
0.367182
0.326455
0.22162
0.293012
0.420245
0.170924
0.302557
0.200399
0.275562
0.232519
0.393557
0.412859
0.362509
0.321028
0.297156
0.275007
0.314573
0.378741
0.218236
0.329014
0.216344
0.341745
0.219778
0.252266
0.306066
0.401094
0.266578
0.227063
0.355184
0.239056
0.201726
0.248201
0.34649
0.309443
0.349724
0.396212
0.309615
0.349828
0.314871
0.385059
0.328151
0.29972
0.460127
0.339359
0.248993
0.314286
0.230861
0.289104
0.236872
0.247597
0.340625
0.303884
0.230635
0.287924
0.273957
0.356845
0.407123
0.300345
0.240394
0.255141
0.220944
0.295493
0.341231
0.283672
0.274019
0.250854
0.347483
0.316747
0.232043
0.225679
0.378863
0.299852
0.260405
0.264698
0.259123
0.346293
0.253078
0.34783
0.292951
0.335595
0.19137
0.395767
0.206427
0.268615
0.253177
0.33591
0.350627
0.334807
