0.361773
0.00611241
0.355795
0.301109
0.28859
0.464182
0.317396
0.342774
0.550203
0.34737
0.307554
0.411455
0.245311
0.328128
0.431089
0.431377
0.281269
0.241115
0.497781
0.343224
0.320604
0.37117
0.412071
0.323384
0.540825
0.347488
0.45292
0.465432
0.327908
0.44074
0.372509
0.322174
0.203818
0.439651
0.413694
0.436701
0.396597
0.318214
0.35242
0.386389
0.375941
0.312552
0.288552
0.328436
0.305906
0.350403
0.452892
0.42909
0.414519
0.25179
0.318432
0.243003
0.398045
0.268236
0.166137
0.337042
0.393755
0.323319
0.382141
0.428373
0.507903
0.301649
0.29826
0.29583
0.424674
0.318172
0.410943
0.296816
0.306967
0.413726
0.284111
0.2623
0.393587
0.486259
0.22492
0.385733
0.489464
0.314431
0.361601
0.332569
0.426962
0.347724
0.165266
0.291571
0.493439
0.379141
0.467748
0.389561
0.429533
0.357182
0.2998
0.519597
0.404653
0.356418
0.393875
0.323594
0.462905
0.24483
0.348368
0.357128
0.346887
0.362233
