0.741306
0.00755421
0.661946
0.813453
0.748417
0.837911
0.591059
0.798097
0.759297
0.803417
0.662903
0.757229
0.424085
0.729764
0.69042
0.808488
0.942981
0.784825
0.570974
0.779863
0.57051
0.845825
0.752451
0.717851
0.791052
0.783064
0.830193
0.77249
0.767049
0.824927
0.702767
0.582389
0.861043
0.645378
0.753955
0.905344
0.795783
0.834212
0.795983
0.871806
0.785031
0.775267
0.631476
0.707273
0.807038
0.750172
0.825024
0.692384
0.697788
0.740786
0.750996
0.884
0.752408
0.749755
0.617418
0.854082
0.786472
0.788941
0.769915
0.713655
0.71145
0.747769
0.759663
0.68779
0.774679
0.810278
0.712328
0.783984
0.753637
0.742328
0.734536
0.73479
0.550559
0.741472
0.768089
0.754932
0.617698
0.65471
0.606769
0.682536
0.77179
0.71847
0.692523
0.803278
0.731255
0.69272
0.872887
0.738733
0.88542
0.715738
0.672727
0.648472
0.8793
0.642774
0.685128
0.821575
0.587653
0.751597
0.555514
0.727019
0.822484
0.734455
