0.597813
0.00958877
0.628104
0.566788
0.438839
0.503
0.435429
0.533778
0.484672
0.656948
0.597238
0.527734
0.564431
0.594113
0.563816
0.646375
0.652842
0.660865
0.558504
0.541868
0.607038
0.645911
0.622618
0.435434
0.532705
0.739611
0.636448
0.723587
0.60008
0.772748
0.63734
0.52466
0.719207
0.755839
0.679844
0.596674
0.649757
0.719087
0.615885
0.576311
0.664722
0.474219
0.586861
0.631754
0.684868
0.503161
0.670458
0.614896
0.513208
0.554371
0.580148
0.442622
0.544437
0.506648
0.591417
0.525441
0.586118
0.801804
0.58854
0.629271
0.483118
0.635941
0.69834
0.569299
0.738358
0.629526
0.691406
0.626738
0.644639
0.637497
0.658304
0.596116
0.71208
0.523052
0.602083
0.375332
0.540679
0.778467
0.890002
0.475665
0.62683
0.542422
0.6115
0.649398
0.616141
0.543965
0.520167
0.355795
0.589377
0.778094
0.543425
0.602134
0.498184
0.405545
0.550309
0.662382
0.391825
0.581667
0.555201
0.646656
0.845217
0.517361
