0.188982
0.00229471
0.247911
0.167276
0.229658
0.200429
0.10749
0.172471
0.19917
0.191531
0.183125
0.234587
0.117651
0.152538
0.168339
0.256774
0.19291
0.130186
0.170549
0.121672
0.160783
0.21538
0.231885
0.140557
0.130517
0.167892
0.197418
0.214563
0.103432
0.163439
0.227201
0.274139
0.162349
0.176439
0.136557
0.231483
0.218729
0.274003
0.171436
0.309689
0.180898
0.187453
0.143526
0.1107
0.18459
0.210425
0.144333
0.17153
0.164854
0.227753
0.25078
0.155229
0.17191
0.179526
0.211832
0.109474
0.21533
0.220726
0.181467
0.104066
0.139335
0.24503
0.182306
0.203276
0.276394
0.189325
0.179377
0.258427
0.241194
0.189059
0.19347
0.140731
0.188271
0.173998
0.230318
0.232194
0.313431
0.115747
0.192153
0.191038
0.207238
0.202714
0.199712
0.176375
0.189335
0.223549
0.176991
0.134111
0.126984
0.225762
0.163429
0.269658
0.141028
0.138672
0.21259
0.0942396
0.11504
0.156656
0.300486
0.254122
0.205675
0.23017
