0.814225
0.00574708
0.677766
0.846151
0.728981
0.811405
0.798741
0.839491
0.793083
0.841123
0.632557
0.759503
0.844514
0.722344
0.882349
0.903545
0.864583
0.831932
0.856377
0.869606
0.696533
0.770467
0.899318
0.86396
0.784731
0.893816
0.894602
0.836731
0.803953
0.886311
0.767148
0.840663
0.764948
0.912283
0.828451
0.700024
0.894646
0.691774
0.918349
0.833245
0.773271
0.782139
0.859217
0.904094
0.877514
0.821071
0.718142
0.922417
0.812031
0.975078
0.872404
0.822754
0.819325
0.775957
0.825611
0.738187
0.802552
0.764087
0.810648
0.772884
0.876346
0.968451
0.901358
0.707264
0.768821
0.75603
0.898163
0.617663
0.744802
0.757234
0.848036
0.678488
0.901023
0.768776
0.959786
0.839597
0.824776
0.780592
0.916436
0.778398
0.902755
0.767929
0.802738
0.714759
0.753035
0.892155
0.724111
0.817095
0.819486
0.971446
0.819854
0.925646
0.767578
0.770469
0.853958
0.802726
0.818172
0.757563
0.772859
0.875036
0.709375
0.656354
