0.265943
0.0043699
0.308104
0.44301
0.216997
0.22324
0.27788
0.319333
0.200493
0.179087
0.171104
0.299998
0.227529
0.192193
0.180083
0.239335
0.280861
0.259208
0.339128
0.253543
0.159983
0.237839
0.227116
0.321151
0.276698
0.365408
0.265151
0.253217
0.243842
0.244844
0.211035
0.256628
0.238906
0.266403
0.3635
0.197944
0.155653
0.212878
0.289262
0.181733
0.298252
0.239122
0.278564
0.323811
0.271734
0.291203
0.241962
0.309837
0.291524
0.188075
0.314312
0.206071
0.213212
0.205583
0.27096
0.424847
0.376451
0.180665
0.261078
0.170936
0.199745
0.389953
0.292677
0.236892
0.423936
0.239601
0.27646
0.238931
0.344339
0.428802
0.195377
0.287873
0.313606
0.315068
0.263155
0.242137
0.271047
0.260545
0.333092
0.113835
0.324538
0.249477
0.253884
0.215507
0.397563
0.273076
0.322179
0.158615
0.233203
0.302229
0.261457
0.328776
0.148092
0.326441
0.250405
0.341177
0.318691
0.23216
0.215793
0.356773
0.216552
0.262151
