0.0650445
0.00017324
0.0627587
0.0759045
0.0548611
0.0569097
0.0611771
0.0883264
0.0590833
0.0757465
0.0533316
0.0892222
0.0823611
0.046217
0.0952674
0.0606094
0.0613003
0.0802187
0.0615816
0.0507812
0.0512569
0.0611354
0.0912986
0.0760851
0.0699913
0.0853767
0.0507066
0.0765312
0.063151
0.0663663
0.0717778
0.0723663
0.051941
0.0547986
0.0474809
0.0644826
0.0894427
0.0809028
0.0554201
0.0411372
0.0843559
0.0608837
0.0580625
0.048875
0.048816
0.0721424
0.0561944
0.0456806
0.0499896
0.0795104
0.0606441
0.0646684
0.0738681
0.0500972
0.053691
0.0468993
0.0833941
0.0491181
0.079349
0.0581441
0.0836111
0.0654549
0.0772986
0.066151
0.0589236
0.0697552
0.0648906
0.0527934
0.0653576
0.0515174
0.0648906
0.0623403
0.0442309
0.065717
0.0776771
0.0485816
0.0709306
0.0497257
0.0576597
0.0756111
0.0878854
0.0485642
0.0553889
0.0538872
0.0701215
0.0520365
0.0912813
0.0545781
0.0774583
0.0609323
0.0805885
0.0769861
0.079316
0.0894583
0.059217
0.0620087
0.056691
0.0543385
0.0777309
0.0586528
0.0577743
0.0647431
