0.0438481
3.17275e-05
0.0439635
0.0498559
0.0372257
0.027066
0.0380226
0.0393455
0.0484618
0.0296719
0.041059
0.0470799
0.0410538
0.0401337
0.0448906
0.0548507
0.0501372
0.0410972
0.0499149
0.0484653
0.0370035
0.0423455
0.038526
0.0464531
0.0421806
0.05025
0.0409375
0.0421875
0.0403281
0.030875
0.0433316
0.0425052
0.0468889
0.0562934
0.046217
0.0431024
0.0452153
0.0466476
0.0564792
0.0521181
0.0382812
0.0394149
0.0412743
0.0367535
0.045684
0.0401337
0.0505729
0.0368229
0.0514861
0.0406076
0.0395
0.0368698
0.0469913
0.0434028
0.046151
0.042283
0.0479983
0.0418333
0.0459948
0.04375
0.0359062
0.0467101
0.0397083
0.037783
0.040566
0.0439444
0.0426146
0.0510677
0.0352014
0.0549288
0.0507222
0.0470868
0.0440174
0.0418125
0.0419253
0.0548767
0.0534931
0.0432118
0.0424549
0.0459583
0.0421094
0.0463455
0.0424219
0.035941
0.0415642
0.0349149
0.0420226
0.0452656
0.0400972
0.0416476
0.0420503
0.0487726
0.0482847
0.0485972
0.0467448
0.0532969
0.0447396
0.0406649
0.0477778
0.0489844
0.0399844
0.0506042
