0.881303
0.00338118
0.801651
0.831535
0.937495
0.996097
0.842832
0.909639
0.848424
0.857731
0.871342
0.88287
0.876071
0.966024
0.924097
0.896597
0.895439
0.955267
0.973806
0.811432
0.942778
0.896945
0.857368
0.873254
0.829111
0.96537
0.893757
0.883082
0.880531
0.828007
0.863049
0.855828
0.778944
0.856932
0.974578
0.79933
0.896125
0.917611
0.969316
0.958604
0.881823
0.917917
0.966191
0.84684
0.845179
0.971332
0.903344
0.846441
0.849922
0.753174
0.876174
0.914882
0.906953
0.888839
0.958094
0.81878
0.77075
0.923448
0.81995
0.797925
0.875717
0.811238
0.78251
0.816309
0.874769
1
0.820306
0.984038
0.962049
0.782559
0.807851
0.840543
0.85605
0.874863
0.931866
0.96099
0.799168
0.981123
0.92357
0.798231
0.915344
0.89387
0.832641
0.964622
0.841302
0.883323
0.964656
0.909891
0.875754
0.923917
0.916257
0.908477
0.844542
0.829361
0.848436
0.875188
0.885311
0.902106
0.891344
0.803991
0.81582
0.863608
