0.131254
0.00107779
0.155764
0.165187
0.095901
0.12603
0.155031
0.11571
0.102401
0.17341
0.110262
0.155687
0.155321
0.169311
0.150734
0.137531
0.153793
0.127516
0.168642
0.193627
0.122182
0.098217
0.152406
0.129826
0.197252
0.138946
0.152351
0.0703785
0.115738
0.109847
0.139663
0.146977
0.113809
0.0580087
0.144773
0.132415
0.168286
0.157309
0.101038
0.151253
0.11438
0.0756615
0.10476
0.152899
0.153325
0.152168
0.137856
0.120193
0.124792
0.181076
0.0841997
0.138198
0.13538
0.099632
0.141057
0.122839
0.21388
0.186109
0.143144
0.106578
0.113333
0.107997
0.116694
0.207681
0.118351
0.133623
0.134773
0.0986215
0.145425
0.10805
0.134589
0.110556
0.0981615
0.152304
0.234946
0.111566
0.160497
0.0795712
0.0772587
0.103613
0.124273
0.104635
0.146387
0.144639
0.102564
0.128281
0.144585
0.0998802
0.126483
0.0936979
0.13058
0.070059
0.0738264
0.188458
0.105245
0.128085
0.124005
0.125781
0.108821
0.16449
0.157948
0.0843628
