0.364971
0.00481629
0.436913
0.351865
0.346005
0.329036
0.476493
0.337542
0.349415
0.442146
0.399651
0.308335
0.391514
0.300128
0.459486
0.382128
0.379654
0.293977
0.35771
0.206811
0.27078
0.441394
0.30191
0.222983
0.366411
0.281307
0.479266
0.39209
0.418604
0.260274
0.224033
0.374863
0.397913
0.41484
0.436429
0.405135
0.318917
0.241102
0.306335
0.311434
0.314361
0.437988
0.345181
0.220141
0.351293
0.359512
0.418932
0.356443
0.294493
0.305747
0.496523
0.28676
0.415094
0.347418
0.297547
0.399269
0.437606
0.340549
0.237915
0.378299
0.411352
0.406892
0.340816
0.276234
0.304648
0.412328
0.414252
0.348653
0.440026
0.432642
0.425979
0.398979
0.310526
0.405246
0.320411
0.396123
0.414908
0.441984
0.329599
0.383792
0.413246
0.27509
0.276332
0.443446
0.434306
0.37676
0.287809
0.344424
0.34326
0.403222
0.383035
0.579582
0.378372
0.527976
0.417356
0.342602
0.365236
0.355731
0.407984
0.427168
0.264392
0.378432
