0.115047
0.00084482
0.126028
0.121682
0.126793
0.107403
0.0856285
0.103236
0.13072
0.0835608
0.148644
0.105163
0.0929514
0.115372
0.103896
0.114505
0.10813
0.10642
0.16021
0.105951
0.127344
0.120781
0.113594
0.0846719
0.0951545
0.109582
0.126774
0.0720243
0.131177
0.12284
0.0885816
0.102932
0.140767
0.127953
0.159571
0.0718212
0.0972014
0.151486
0.148986
0.0937465
0.133465
0.151226
0.0619809
0.101444
0.107325
0.103505
0.113806
0.0769878
0.137361
0.100441
0.186028
0.0701267
0.167566
0.0679948
0.125835
0.0933924
0.0899965
0.104014
0.111705
0.154057
0.106188
0.0914271
0.116905
0.161516
0.126443
0.106345
0.126003
0.0849965
0.175672
0.12371
0.215344
0.0541719
0.0952396
0.0745382
0.127446
0.108188
0.090375
0.109016
0.130122
0.107983
0.118818
0.0806701
0.0987812
0.169161
0.183955
0.120078
0.0782969
0.112392
0.145148
0.0914531
0.0902135
0.101773
0.184097
0.116667
0.0891823
0.113658
0.118444
0.112457
0.11942
0.126243
0.103672
0.107
