0.868913
0.00402199
0.866608
0.814986
0.743125
0.885304
0.793806
0.925774
0.904134
0.698061
0.896399
0.777523
0.962106
0.866352
0.890155
0.907161
0.843483
0.838939
0.932418
0.940042
0.752069
0.914609
0.866995
0.792759
0.841332
0.841189
0.840394
0.817793
0.790375
0.840226
0.904524
0.796715
0.846109
0.905661
0.811602
0.846177
0.911411
0.86272
0.931734
0.96041
0.866964
0.960517
0.953863
0.939056
0.994826
0.977035
0.823649
0.685479
0.773682
0.902755
0.818452
0.878184
0.93601
0.815089
0.878245
0.938149
0.89449
0.949233
0.836712
0.778602
0.865746
0.820352
0.875488
0.858491
0.833698
0.869812
0.874061
0.92042
0.914536
0.919887
0.901247
0.915823
0.958969
0.806073
0.8572
0.882411
0.896964
0.897986
0.913903
0.905417
0.917252
0.818153
0.787658
0.920682
0.907191
0.753656
0.922981
0.829418
0.912207
0.933641
0.887896
0.959847
0.909536
0.907281
0.726752
0.752674
0.791786
0.874552
0.892759
0.853363
0.935939
0.845391
