0.373663
0.00635084
0.413675
0.347373
0.321552
0.325108
0.39824
0.522059
0.447675
0.382148
0.477915
0.385799
0.255708
0.195392
0.398351
0.324943
0.295418
0.368762
0.495149
0.190181
0.288523
0.392368
0.445189
0.35371
0.324363
0.409149
0.355172
0.374755
0.336589
0.46837
0.341786
0.439335
0.330391
0.402016
0.457519
0.381884
0.277526
0.378073
0.353479
0.342347
0.225722
0.365094
0.312219
0.372741
0.365587
0.524137
0.395352
0.366035
0.301181
0.388313
0.305241
0.338089
0.203684
0.280486
0.372007
0.500858
0.364672
0.320469
0.586589
0.468198
0.34583
0.392549
0.265983
0.268832
0.41978
0.425724
0.426648
0.236175
0.342484
0.361729
0.391142
0.325196
0.291601
0.458295
0.39829
0.348545
0.374847
0.3333
0.573764
0.347769
0.264042
0.482792
0.459054
0.395837
0.377035
0.303014
0.312273
0.319991
0.523934
0.462448
0.387378
0.50521
0.291523
0.357569
0.291905
0.468625
0.543944
0.389715
0.445766
0.381875
0.370964
0.348257
